"Status","Start Time","Stop Time","Duration in ms","Parent Suite","Suite","Sub Suite","Test Class","Test Method","Name","Description"
"passed","Tue May 21 22:22:10 GMT 2024","Tue May 21 22:22:10 GMT 2024","0","tests.unit.processing","test_spatial_assets_utils","","","","test__fetch_image_hires","
    Test that _fetch_image returns the hires image when fullres is not present.
    "
"passed","Tue May 21 22:20:59 GMT 2024","Tue May 21 22:20:59 GMT 2024","1","tests.unit.backend.layers.utils","test_type_conversion_utils","TestTypeConversionUtils","","","test__get_schema_type_hint_from_dtype",""
"passed","Tue May 21 22:20:59 GMT 2024","Tue May 21 22:20:59 GMT 2024","0","tests.unit.backend.layers.utils","test_type_conversion_utils","","","","test_type_inference[parameters52]",""
"passed","Tue May 21 22:20:57 GMT 2024","Tue May 21 22:20:57 GMT 2024","60","tests.unit.backend.wmg.api","test_v2","WmgApiV2Tests","","","test__primary_filter_dimensions__returns_200",""
"passed","Tue May 21 22:20:50 GMT 2024","Tue May 21 22:20:50 GMT 2024","0","tests.unit.backend.layers.common","test_validation","","","","test__link__OK[raw_data-https://www.google.com]",""
"passed","Tue May 21 22:21:27 GMT 2024","Tue May 21 22:21:27 GMT 2024","2","tests.unit.processing","test_dataset_submissions","TestDatasetSubmissions","","","test__upload_update_by_dataset_canonical_id__OK","
        Processing starts when an update of a dataset is uploaded using canonical ids

        "
"passed","Tue May 21 22:20:49 GMT 2024","Tue May 21 22:20:49 GMT 2024","35","tests.unit.backend.layers.business","test_business","TestGetAllCollections","","","test_get_all_collections_unpublished_ok","
        If published filter flag is False, only unpublished collections should be returned
        "
"passed","Tue May 21 22:20:24 GMT 2024","Tue May 21 22:20:25 GMT 2024","1107","tests.unit.wmg_processing","test_cube_pipeline","TestCubePipe","","","test__pipeline_fails_if_census_schema_version_unsupported",""
"passed","Tue May 21 22:21:28 GMT 2024","Tue May 21 22:21:28 GMT 2024","1","tests.unit.processing","test_extract_metadata","TestProcessingValidate","","","test_get_spatial_metadata__is_single_true_and_fullres_false",""
"passed","Tue May 21 22:21:29 GMT 2024","Tue May 21 22:21:29 GMT 2024","124","tests.unit.processing","test_h5ad_data_file","TestH5ADDataFile","","","test__to_cxg__simple_anndata_with_corpora_and_dense_using_feature_name_var_index",""
"passed","Tue May 21 22:20:48 GMT 2024","Tue May 21 22:20:48 GMT 2024","18","tests.unit.backend.layers.api","test_portal_api","TestUpdateCollection","","","test__update_collection_links__OK",""
"passed","Tue May 21 22:21:23 GMT 2024","Tue May 21 22:21:23 GMT 2024","242","tests.unit.backend.wmg","test_query","QueryPrimaryFilterDimensionsTest","","","test__multiple_dimensions__returns_all_dimensions_and_terms_as_tuples",""
"passed","Tue May 21 22:20:59 GMT 2024","Tue May 21 22:20:59 GMT 2024","0","tests.unit.backend.layers.utils","test_semvar_utils","TestSemvarUtils","","","test__release_only_prerelease_properly_formatted_semvar__returns_false",""
"passed","Tue May 21 22:20:50 GMT 2024","Tue May 21 22:20:50 GMT 2024","1","tests.unit.backend.layers.common","test_validation","","","","test__link__INVALID[raw_data-google.com]",""
"passed","Tue May 21 22:20:44 GMT 2024","Tue May 21 22:20:44 GMT 2024","6","tests.unit.backend.layers.api","test_curation_api","TestGetCollectionID","","","test__get_private_collection__OK",""
"passed","Tue May 21 22:22:09 GMT 2024","Tue May 21 22:22:10 GMT 2024","1731","tests.unit.processing","test_processing","ProcessingTest","","","test_process_all",""
"passed","Tue May 21 22:20:45 GMT 2024","Tue May 21 22:20:45 GMT 2024","5","tests.unit.backend.layers.api","test_curation_api","TestGetCollectionID","","","test_get_collection_with_no_datasets",""
"passed","Tue May 21 22:20:45 GMT 2024","Tue May 21 22:20:45 GMT 2024","6","tests.unit.backend.layers.api","test_curation_api","TestGetCollectionID","","","test_get_collection_with_dataset_no_metadata","
        GET collection should work when the collection has datasets with no metadata.
        This happens when the dataset did not complete ingestion yet.
        "
"passed","Tue May 21 22:20:48 GMT 2024","Tue May 21 22:20:48 GMT 2024","12","tests.unit.backend.layers.api","test_portal_api","TestDataset","","","test__get_all_datasets_for_index",""
"passed","Tue May 21 22:20:49 GMT 2024","Tue May 21 22:20:49 GMT 2024","6","tests.unit.backend.layers.business","test_business","TestUpdateCollectionDatasets","","","test_add_dataset_with_invalid_link_fail","
        Adding a dataset with a wrong link should result in a failure
        "
"passed","Tue May 21 22:20:50 GMT 2024","Tue May 21 22:20:50 GMT 2024","0","tests.unit.backend.layers.common","test_validation","","","","test__link__OK[protocol-https://www.google.com]",""
"passed","Tue May 21 22:20:44 GMT 2024","Tue May 21 22:20:44 GMT 2024","2","tests.unit.backend.layers.api","test_curation_api","TestGetCollectionID","","","test__get_public_collection_verify_consortia_sorted__OK_1",""
"passed","Tue May 21 22:21:27 GMT 2024","Tue May 21 22:21:27 GMT 2024","2","tests.unit.processing.schema_migration","test_publish_and_cleanup","TestPublishAndCleanup","","","test_skip_unprocessed_datasets","
        Test that datasets that do not appear in the processed_datasets variable in publish_and_cleanup are skipped
        "
"passed","Tue May 21 22:20:49 GMT 2024","Tue May 21 22:20:49 GMT 2024","42","tests.unit.backend.layers.business","test_business","TestGetAllCollections","","","test_get_all_collections_published_ok","
        If published filter flag is True, only published, non-tombstoned collections should be returned
        "
"passed","Tue May 21 22:20:59 GMT 2024","Tue May 21 22:20:59 GMT 2024","1","tests.unit.backend.layers.utils","test_type_conversion_utils","","","","test_type_inference[parameters95]",""
"passed","Tue May 21 22:20:44 GMT 2024","Tue May 21 22:20:44 GMT 2024","6","tests.unit.backend.layers.api","test_app","TestAPI","","","test__dp_api_swagger_ui__returns_200",""
"passed","Tue May 21 22:20:49 GMT 2024","Tue May 21 22:20:49 GMT 2024","9","tests.unit.backend.layers.api","test_portal_api","TestPublishRevision","","","test__can_publish_non_owned_collection_as_super_curator",""
"passed","Tue May 21 22:20:50 GMT 2024","Tue May 21 22:20:50 GMT 2024","6","tests.unit.backend.layers.business","test_business","TestCollectionOperations","","","test_tombstone_collection_ok","
        A Collection can be tombstoned
        "
"passed","Tue May 21 22:20:50 GMT 2024","Tue May 21 22:20:50 GMT 2024","7","tests.unit.backend.layers.business","test_business","TestSetPreviousDatasetVersion","","","test_private_restoring_previously_replaced_dataset",""
"passed","Tue May 21 22:20:31 GMT 2024","Tue May 21 22:20:31 GMT 2024","2","tests.unit.scripts","test_zenhub_close","TestCloseReadyForProd","","","test_close_ready_for_prod_with_blocked_issues",""
"passed","Tue May 21 22:21:27 GMT 2024","Tue May 21 22:21:27 GMT 2024","5","tests.unit.processing","test_dataset_metadata_update","TestUpdateMetadataHandler","","","test_update_metadata__error_if_missing_raw_h5ad",""
"passed","Tue May 21 22:21:27 GMT 2024","Tue May 21 22:21:27 GMT 2024","2","tests.unit.processing","test_dataset_submissions","TestDatasetSubmissions","","","test__nonexistent_dataset__raises_error",""
"passed","Tue May 21 22:20:57 GMT 2024","Tue May 21 22:20:57 GMT 2024","134","tests.unit.backend.wmg.api","test_v2","WmgApiV2Tests","","","test__query_explicit_cell_ordering__returns_correct_cell_ordering",""
"passed","Tue May 21 22:20:42 GMT 2024","Tue May 21 22:20:42 GMT 2024","395","tests.unit.backend.wmg.api.common","test_expression_dotplot","ExpressionDotPlotTest","","","test__query_agg_cell_type_counts__returns_correct_result",""
"passed","Tue May 21 22:20:44 GMT 2024","Tue May 21 22:20:44 GMT 2024","0","tests.unit.backend.wmg.api.common","test_wmg_api_helpers","","","","test_sanitize_api_query_dict[input_query3-expected_sanitized_query3]",""
"passed","Tue May 21 22:20:50 GMT 2024","Tue May 21 22:20:50 GMT 2024","0","tests.unit.backend.layers.common","test_validation","","","","test__link__INVALID[protocol-.com]",""
"passed","Tue May 21 22:20:59 GMT 2024","Tue May 21 22:20:59 GMT 2024","49","tests.unit.backend.layers.utils","test_secret_config","TestSecretConfig","","","test_when_item_is_not_in_config_but_is_in_env_and_use_env_is_set_we_use_env",""
"passed","Tue May 21 22:20:44 GMT 2024","Tue May 21 22:20:44 GMT 2024","13","tests.unit.backend.layers.api","test_curation_api","TestGetCollectionID","","","test__get_public_collection__OK",""
"passed","Tue May 21 22:20:45 GMT 2024","Tue May 21 22:20:45 GMT 2024","9","tests.unit.backend.layers.api","test_curation_api","TestPatchCollectionID","","","test__update_collection__links_None_does_not_remove_publisher_metadata",""
"passed","Tue May 21 22:20:48 GMT 2024","Tue May 21 22:20:48 GMT 2024","9","tests.unit.backend.layers.api","test_portal_api","TestCollectionDeletion","","","test_delete_private_collection_version__ok",""
"passed","Tue May 21 22:22:10 GMT 2024","Tue May 21 22:22:10 GMT 2024","4","tests.unit.processing","test_processing","ProcessingTest","","","test_process_cxg_success",""
"passed","Tue May 21 22:20:31 GMT 2024","Tue May 21 22:20:31 GMT 2024","1","tests.unit.wmg_processing","test_dataset_metadata","DatasetMetadataTests","","","test_dataset_metadata",""
"passed","Tue May 21 22:20:59 GMT 2024","Tue May 21 22:20:59 GMT 2024","49","tests.unit.backend.layers.utils","test_secret_config","TestSecretConfig","","","test_when_item_is_not_in_config_but_is_in_env_and_use_env_is_not_set_we_raise",""
"passed","Tue May 21 22:20:48 GMT 2024","Tue May 21 22:20:48 GMT 2024","6","tests.unit.backend.layers.api","test_portal_api","TestDataset","","","test__cancel_dataset_download__user_not_collection_owner",""
"passed","Tue May 21 22:20:49 GMT 2024","Tue May 21 22:20:49 GMT 2024","7","tests.unit.backend.layers.business","test_business","TestUpdateCollectionDatasets","","","test_add_dataset_to_published_collection_fail","
        Adding a dataset to a published collection should result in a failure
        "
"passed","Tue May 21 22:20:59 GMT 2024","Tue May 21 22:20:59 GMT 2024","374","tests.unit.backend.wmg.api","test_v2","WmgApiV2Tests","","","test__schema4__filter_request_with_nonempty_criteria__excludes_comma_delimited_ethnicity_values",""
"passed","Tue May 21 22:20:50 GMT 2024","Tue May 21 22:20:50 GMT 2024","0","tests.unit.backend.layers.common","test_validation","","","","test_invalid_email[@place.com]",""
"passed","Tue May 21 22:20:49 GMT 2024","Tue May 21 22:20:49 GMT 2024","36","tests.unit.backend.layers.api","test_portal_api","TestDeleteRevision","","","test__revision_deleted__204","
        Delete a collection under revision.
        "
"passed","Tue May 21 22:20:44 GMT 2024","Tue May 21 22:20:44 GMT 2024","7","tests.unit.backend.layers.api","test_app","TestAPI","","","test__curation_api_swagger_ui__returns_200",""
"passed","Tue May 21 22:20:50 GMT 2024","Tue May 21 22:20:50 GMT 2024","0","tests.unit.backend.layers.common","test_validation","","","","test__link__OK[lab_website-https://www.google.com]",""
"passed","Tue May 21 22:21:27 GMT 2024","Tue May 21 22:21:27 GMT 2024","0","tests.unit.processing.schema_migration","test_publish_revisions","TestPublishRevisions","","","test_check_datasets_no_errors","positive test case for check_datasets method."
"passed","Tue May 21 22:20:59 GMT 2024","Tue May 21 22:20:59 GMT 2024","0","tests.unit.backend.layers.utils","test_uri","TestRegisteredSources","","","test_register_neg",""
"passed","Tue May 21 22:21:06 GMT 2024","Tue May 21 22:21:11 GMT 2024","5636","tests.unit.backend.wmg","test_query","QueryTest","","","test__query_expression_summary_default_cube__returns_correct_results",""
"passed","Tue May 21 22:20:51 GMT 2024","Tue May 21 22:20:57 GMT 2024","6008","tests.unit.backend.wmg.api","test_v2","WmgApiV2Tests","","","test__markers_returns_200_and_empty_dictionary_for_bad_celltypes",""
"passed","Tue May 21 22:20:51 GMT 2024","Tue May 21 22:20:51 GMT 2024","1","tests.unit.backend.layers.thirdparty","test_crossref_provider","TestCrossrefProvider","","","test__provider_throws_exception_if_request_cannot_be_parsed","
        Asserts an CrossrefParseException if the GET request succeeds but cannot be parsed
        "
"passed","Tue May 21 22:21:29 GMT 2024","Tue May 21 22:21:29 GMT 2024","0","tests.unit.processing","test_handle_error","","","","test_parse_event_with_invalid_error_cause",""
"passed","Tue May 21 22:20:59 GMT 2024","Tue May 21 22:20:59 GMT 2024","0","tests.unit.backend.layers.utils","test_type_conversion_utils","","","","test_type_inference[parameters38]",""
"passed","Tue May 21 22:20:48 GMT 2024","Tue May 21 22:20:48 GMT 2024","4","tests.unit.backend.layers.api","test_portal_api","TestCollection","","","test__post_collection_rejects_doi_not_in_crossref",""
"passed","Tue May 21 22:21:19 GMT 2024","Tue May 21 22:21:20 GMT 2024","1177","tests.unit.wmg_processing","test_expression_summary_default","ExpressionSummaryDefaultTests","","","test_expression_summary_default",""
"passed","Tue May 21 22:21:00 GMT 2024","Tue May 21 22:21:06 GMT 2024","5721","tests.unit.backend.wmg","test_query","WmgCubeQueryParamsTest","","","test__cube_query_params_for_expression_summary_cube",""
"passed","Tue May 21 22:20:46 GMT 2024","Tue May 21 22:20:47 GMT 2024","1029","tests.unit.backend.layers.api","test_curation_api","TestGetDatasetIdVersions","","","test_get_dataset_id_versions_ok",""
"passed","Tue May 21 22:20:45 GMT 2024","Tue May 21 22:20:45 GMT 2024","66","tests.unit.backend.layers.api","test_curation_api","TestGetDatasets","","","test_get_all_datasets_200",""
"passed","Tue May 21 22:20:31 GMT 2024","Tue May 21 22:20:31 GMT 2024","1","tests.unit.scripts","test_zenhub_close","TestCloseReadyForProd","","","test_close_ready_for_prod_with_issues_to_close",""
"passed","Tue May 21 22:22:09 GMT 2024","Tue May 21 22:22:09 GMT 2024","1","tests.unit.processing","test_handle_error","TestCleanupArtifacts","","","test_cleanup_artifacts__OK[None]","Check that all artifacts are deleted for the given cases."
"passed","Tue May 21 22:20:59 GMT 2024","Tue May 21 22:20:59 GMT 2024","0","tests.unit.backend.layers.utils","test_type_conversion_utils","","","","test_type_inference[parameters5]",""
"passed","Tue May 21 22:22:09 GMT 2024","Tue May 21 22:22:09 GMT 2024","6","tests.unit.processing","test_process_validate","ProcessingTest","","","test_process_download_validate_success","
        ProcessDownloadValidate should:
        1. Download the h5ad artifact
        2. set validation status to VALID
        3. Set upload status to UPLOADED
        4. set h5ad status to UPLOADED
        5. upload the original file to S3
        6. upload the labeled file to S3
        "
"passed","Tue May 21 22:20:44 GMT 2024","Tue May 21 22:20:44 GMT 2024","7","tests.unit.backend.layers.api","test_curation_api","TestGetCollections","","","test__collection_level_processing_status__SUCCESS",""
"passed","Tue May 21 22:20:57 GMT 2024","Tue May 21 22:20:57 GMT 2024","3","tests.unit.backend.wmg.api","test_v2","WmgApiV2Tests","","","test__query_containing_tissue__request_returns_400",""
"passed","Tue May 21 22:20:50 GMT 2024","Tue May 21 22:20:50 GMT 2024","0","tests.unit.backend.layers.common","test_validation","","","","test__link__INVALID[data_source-https://]",""
"passed","Tue May 21 22:20:58 GMT 2024","Tue May 21 22:20:58 GMT 2024","0","tests.unit.backend.layers.utils","test_json","TestCuratorJSONEncoder","","","test_datetime_with_millis",""
"passed","Tue May 21 22:20:50 GMT 2024","Tue May 21 22:20:50 GMT 2024","2","tests.unit.backend.layers.business","test_business","TestDatasetArtifactMetadataUpdates","","","test_generate_dataset_citation__no_doi",""
"passed","Tue May 21 22:20:48 GMT 2024","Tue May 21 22:20:48 GMT 2024","6","tests.unit.backend.layers.api","test_portal_api","TestDataset","","","test__get_dataset_asset__file_SERVER_ERROR","
        `get_dataset_asset` should throw 500 if url or file_size aren't returned from the server
        "
"passed","Tue May 21 22:20:48 GMT 2024","Tue May 21 22:20:48 GMT 2024","4","tests.unit.backend.layers.api","test_portal_api","TestCollectionDeletion","","","test_delete_collection__not_owner",""
"passed","Tue May 21 22:22:10 GMT 2024","Tue May 21 22:22:10 GMT 2024","5","tests.unit.processing","test_spatial_assets_utils","","","","test__create_deep_zoom_assets",""
"passed","Tue May 21 22:20:44 GMT 2024","Tue May 21 22:20:44 GMT 2024","6","tests.unit.backend.layers.api","test_curation_api","TestPostCollection","","","test__create_collection__InvalidParameters",""
"passed","Tue May 21 22:20:48 GMT 2024","Tue May 21 22:20:48 GMT 2024","4","tests.unit.backend.layers.api","test_portal_api","TestUpdateCollection","","","test__update_with_invalid_collection_consortia",""
"passed","Tue May 21 22:20:45 GMT 2024","Tue May 21 22:20:45 GMT 2024","22","tests.unit.backend.layers.api","test_curation_api","TestGetCollectionVersionID","","","test_get_collection_version_ok",""
"passed","Tue May 21 22:20:48 GMT 2024","Tue May 21 22:20:48 GMT 2024","78","tests.unit.backend.layers.api","test_portal_api","TestDataset","","","test__explorer_portal_integration","
        Tests the explorer <-> portal integration.
        The steps carried out by this test are:
        1. Generate the explorer_url
        2. Call the `get_dataset_identifiers` endpoint, retrieve `collection_id` and `dataset_id` from there
        3. Call the GET /collections/:collection_id endpoint, locate the dataset
        "
"passed","Tue May 21 22:20:58 GMT 2024","Tue May 21 22:20:58 GMT 2024","1","tests.unit.backend.layers.utils","test_color_conversion_utils","TestColorConversionUtils","","","test_convert_color_to_hex_format",""
"passed","Tue May 21 22:20:50 GMT 2024","Tue May 21 22:20:50 GMT 2024","0","tests.unit.backend.layers.common","test_validation","","","","test__link__OK[protocol-http://somewhere.org/path/?abcd=123]",""
"passed","Tue May 21 22:20:49 GMT 2024","Tue May 21 22:20:49 GMT 2024","2","tests.unit.backend.layers.auth","test_auth_keys","TestKeys","","","test__delete_key__401",""
"passed","Tue May 21 22:21:26 GMT 2024","Tue May 21 22:21:26 GMT 2024","2","tests.unit.processing.schema_migration","test_collection_migrate","TestCollectionMigrate","","","test_can_publish_true_and_filtered_schema_version",""
"passed","Tue May 21 22:20:50 GMT 2024","Tue May 21 22:20:50 GMT 2024","1","tests.unit.backend.layers.common","test_validation","","","","test__link__OK[raw_data-http://somewhere.org/path/?abcd=123]",""
"passed","Tue May 21 22:20:49 GMT 2024","Tue May 21 22:20:49 GMT 2024","6","tests.unit.backend.layers.api","test_portal_api","TestPublishRevision","","","test__publish_revision_missing_data_submission_policy_version__400","
        Checks for failure on missing data submission policy version.
        "
"passed","Tue May 21 22:26:49 GMT 2024","Tue May 21 22:28:00 GMT 2024","71487","tests.unit.backend.cellguide.pipeline","test_source_collections_generator","TestSourceCollectionsGenerator","","","test__source_collections_generator",""
"passed","Tue May 21 22:21:26 GMT 2024","Tue May 21 22:21:26 GMT 2024","2","tests.unit.processing.schema_migration","test_collection_migrate","TestCollectionMigrate","","","test_can_publish_false_and_no_datasets",""
"passed","Tue May 21 22:21:27 GMT 2024","Tue May 21 22:21:27 GMT 2024","2","tests.unit.processing","test_dataset_submissions","TestDatasetSubmissions","","","test__non_owner__raises_error",""
"passed","Tue May 21 22:22:08 GMT 2024","Tue May 21 22:22:08 GMT 2024","1","tests.unit.processing","test_handle_error","","","","test_get_failure_slack_notification_message_with_dataset_not_found",""
"passed","Tue May 21 22:20:53 GMT 2024","Tue May 21 22:20:53 GMT 2024","35","tests.unit.backend.layers.utils","test_aws_secret","TestAwsSecret","","","test_init_of_existing_secret_retrieves_secret_metadata",""
"passed","Tue May 21 22:20:50 GMT 2024","Tue May 21 22:20:50 GMT 2024","3","tests.unit.backend.layers.business","test_business","TestSetPreviousDatasetVersion","","","test_private_with_no_previous_version",""
"passed","Tue May 21 22:20:47 GMT 2024","Tue May 21 22:20:47 GMT 2024","10","tests.unit.backend.layers.api","test_curation_api","TestPostRevision","","","test__post_revision__Super_Curator",""
"passed","Tue May 21 22:20:47 GMT 2024","Tue May 21 22:20:48 GMT 2024","16","tests.unit.backend.layers.api","test_portal_api","TestCollection","","","test__can_retrieve_created_collection",""
"passed","Tue May 21 22:20:50 GMT 2024","Tue May 21 22:20:50 GMT 2024","15","tests.unit.backend.layers.business","test_business","TestDeleteDataset","","","test_delete_published_dataset__fail",""
"passed","Tue May 21 22:20:58 GMT 2024","Tue May 21 22:20:59 GMT 2024","367","tests.unit.backend.wmg.api","test_v2","WmgApiV2Tests","","","test__query_request_multi_primary_dims_only_with_compare__returns_200_and_correct_response",""
"passed","Tue May 21 22:20:53 GMT 2024","Tue May 21 22:20:53 GMT 2024","13","tests.unit.backend.layers.utils","test_aws_secret","TestAwsSecret","","","test_delete_of_unknown_secret_raises_exception",""
"passed","Tue May 21 22:20:49 GMT 2024","Tue May 21 22:20:49 GMT 2024","1","tests.unit.backend.layers.business","test_business","TestUpdateCollectionDatasets","","","test_add_empty_dataset_ok","
        An empty dataset can be added to a collection when `create_empty_dataset` is called.
        The resulting dataset should be empty and in a state ready for processing.
        "
"passed","Tue May 21 22:20:49 GMT 2024","Tue May 21 22:20:49 GMT 2024","5","tests.unit.backend.layers.business","test_business","TestGetCollectionVersion","","","test_get_collection_version_for_unpublished_collection_ok","
        An unpublished collection version can be obtained using `get_collection_version`
        "
"passed","Tue May 21 22:20:40 GMT 2024","Tue May 21 22:21:00 GMT 2024","20347","tests.unit.backend.de.api","test_v1","DeAPIV1Tests","","","test__differentialExpression_returns_expected_results",""
"passed","Tue May 21 22:21:27 GMT 2024","Tue May 21 22:21:27 GMT 2024","13","tests.unit.processing","test_dataset_metadata_update","TestUpdateMetadataHandler","","","test_update_metadata",""
"passed","Tue May 21 22:20:48 GMT 2024","Tue May 21 22:20:48 GMT 2024","30","tests.unit.backend.layers.api","test_portal_api","TestCollectionDeletion","","","test_delete_collection_revision__ok",""
"passed","Tue May 21 22:22:10 GMT 2024","Tue May 21 22:22:10 GMT 2024","1","tests.unit.processing","test_spatial_assets_utils","","","","test__upload_assets","
    Test upload assets to S3
    "
"passed","Tue May 21 22:20:44 GMT 2024","Tue May 21 22:20:44 GMT 2024","9","tests.unit.backend.layers.api","test_curation_api","TestS3Credentials","","","test__generate_s3_credentials__Not_Private",""
"passed","Tue May 21 22:20:58 GMT 2024","Tue May 21 22:20:58 GMT 2024","0","tests.unit.backend.layers.utils","test_json","TestCuratorJSONEncoder","","","test_datetime",""
"passed","Tue May 21 22:20:50 GMT 2024","Tue May 21 22:20:50 GMT 2024","1","tests.unit.backend.layers.common","test_validation","","","","test_OK",""
"passed","Tue May 21 22:20:47 GMT 2024","Tue May 21 22:20:47 GMT 2024","11","tests.unit.backend.layers.api","test_curation_api","TestPutLink","","","test__from_link__Not_Public","
        Calling PUT /datasets/:dataset_id should fail with 403 Unauthorized
        if trying to upload to a published collection
        "
"passed","Tue May 21 22:20:49 GMT 2024","Tue May 21 22:20:49 GMT 2024","5","tests.unit.backend.layers.api","test_portal_api","TestCollectionPostUploadLink","","","test__link__202",""
"passed","Tue May 21 22:21:27 GMT 2024","Tue May 21 22:21:27 GMT 2024","0","tests.unit.processing.schema_migration","test_gather_collections","TestGatherCollections","","","test_with_published",""
"passed","Tue May 21 22:20:47 GMT 2024","Tue May 21 22:20:47 GMT 2024","9","tests.unit.backend.layers.api","test_curation_api","TestPostRevision","","","test__post_revision__Not_Owner",""
"passed","Tue May 21 22:21:29 GMT 2024","Tue May 21 22:21:29 GMT 2024","122","tests.unit.processing","test_h5ad_data_file","TestH5ADDataFile","","","test__to_cxg__simple_anndata_no_corpora_and_dense",""
"passed","Tue May 21 22:21:26 GMT 2024","Tue May 21 22:21:26 GMT 2024","1","tests.unit.processing.schema_migration","test_dataset_migrate","TestDatasetMigrate","","","test_dataset_migrate_published",""
"passed","Tue May 21 22:20:47 GMT 2024","Tue May 21 22:20:47 GMT 2024","2","tests.unit.backend.layers.api","test_curation_api","TestPutLink","","","test__new_from_link__OK","
        Calling PUT /datasets/:dataset_id should succeed if a valid link is uploaded by the owner of the collection or
        a super curator
        "
"passed","Tue May 21 22:20:50 GMT 2024","Tue May 21 22:20:50 GMT 2024","0","tests.unit.backend.layers.common","test_validation","","","","test__link__OK[doi-https://www.google.com]",""
"passed","Tue May 21 22:20:44 GMT 2024","Tue May 21 22:20:44 GMT 2024","13","tests.unit.backend.layers.api","test_curation_api","TestGetCollectionID","","","test__get_published_collection_verify_body_is_reshaped_correctly__OK",""
"passed","Tue May 21 22:22:09 GMT 2024","Tue May 21 22:22:09 GMT 2024","0","tests.unit.processing","test_process_download","","","","test_remove_prefix",""
"passed","Tue May 21 22:20:59 GMT 2024","Tue May 21 22:20:59 GMT 2024","1","tests.unit.backend.layers.utils","test_type_conversion_utils","","","","test_type_inference[parameters2]",""
"passed","Tue May 21 22:20:50 GMT 2024","Tue May 21 22:20:50 GMT 2024","0","tests.unit.backend.layers.common","test_validation","","","","test__link__INVALID[lab_website-https://]",""
"passed","Tue May 21 22:21:29 GMT 2024","Tue May 21 22:21:29 GMT 2024","133","tests.unit.processing","test_h5ad_data_file","TestH5ADDataFile","","","test__to_cxg__with_sparse_column_encoding",""
"passed","Tue May 21 22:21:27 GMT 2024","Tue May 21 22:21:27 GMT 2024","1","tests.unit.processing.schema_migration","test_publish_revisions","TestPublishRevisions","","","test_run_pos__do_not_publish_list","Run method when revision is skipped via do_not_publish_list."
"passed","Tue May 21 22:20:49 GMT 2024","Tue May 21 22:20:49 GMT 2024","1","tests.unit.backend.layers.business","test_business","TestCreateCollection","","","test_create_collection_with_not_found_doi_fail","
        A collection with a DOI that cannot be found on Crossref will not be created
        "
"passed","Tue May 21 22:20:44 GMT 2024","Tue May 21 22:20:44 GMT 2024","15","tests.unit.backend.layers.api","test_curation_api","TestGetCollectionVersions","","","test__get_collection_versions_not_published_canonical__404",""
"passed","Tue May 21 22:20:59 GMT 2024","Tue May 21 22:20:59 GMT 2024","1","tests.unit.backend.layers.utils","test_type_conversion_utils","","","","test_type_inference[parameters59]",""
"passed","Tue May 21 22:20:48 GMT 2024","Tue May 21 22:20:48 GMT 2024","24","tests.unit.backend.layers.api","test_portal_api","TestCollection","","","test__get_collection_id_returns_revision_of_published_collection",""
"skipped","Tue May 21 22:20:50 GMT 2024","Tue May 21 22:20:50 GMT 2024","0","tests.unit.backend.layers.common","test_auth0_manager","TestSession","","","test_session_refresh",""
"passed","Tue May 21 22:20:59 GMT 2024","Tue May 21 22:20:59 GMT 2024","1","tests.unit.backend.layers.utils","test_type_conversion_utils","","","","test_type_inference[parameters103]",""
"passed","Tue May 21 22:20:45 GMT 2024","Tue May 21 22:20:45 GMT 2024","6","tests.unit.backend.layers.api","test_curation_api","TestPatchCollectionID","","","test__update_public_collection_verify_fix_consortia_sort_order_OK",""
"passed","Tue May 21 22:20:59 GMT 2024","Tue May 21 22:20:59 GMT 2024","0","tests.unit.backend.layers.utils","test_type_conversion_utils","","","","test_type_inference[parameters40]",""
"passed","Tue May 21 22:21:27 GMT 2024","Tue May 21 22:21:27 GMT 2024","1","tests.unit.processing.schema_migration","test_publish_revisions","TestPublishRevisions","","","test_run_pos","Positive test case for run method."
"passed","Tue May 21 22:20:49 GMT 2024","Tue May 21 22:20:49 GMT 2024","10","tests.unit.backend.layers.business","test_business","TestDeleteDataset","","","test_cleanup_occurs_after_publication_of_private_collection","
        Outdated, unused Dataset assets and rows in private Collection not deleted until after Collection is published
        "
"passed","Tue May 21 22:21:27 GMT 2024","Tue May 21 22:21:28 GMT 2024","1080","tests.unit.processing","test_extract_metadata","TestProcessingValidate","","","test_extract_metadata",""
"passed","Tue May 21 22:22:10 GMT 2024","Tue May 21 22:22:10 GMT 2024","1","tests.unit.processing","test_spatial_assets_utils","","","","test__invalid_input_metadata_copy","
    Test case to verify that a KeyError is raised when passing invalid input metadata
    "
"passed","Tue May 21 22:20:59 GMT 2024","Tue May 21 22:20:59 GMT 2024","94","tests.unit.backend.wmg.api","test_v2","WmgApiV2Tests","","","test__query_single_primary_dims__returns_200_and_correct_response",""
"passed","Tue May 21 22:20:59 GMT 2024","Tue May 21 22:20:59 GMT 2024","1","tests.unit.backend.layers.utils","test_type_conversion_utils","","","","test_type_inference[parameters49]",""
"passed","Tue May 21 22:20:56 GMT 2024","Tue May 21 22:20:58 GMT 2024","2062","tests.unit.backend.layers.utils","test_aws_secret","TestAwsSecret","","","test_value_of_existing_deleted_secret_raises_exception",""
"passed","Tue May 21 22:20:48 GMT 2024","Tue May 21 22:20:48 GMT 2024","6","tests.unit.backend.layers.api","test_portal_api","TestUpdateCollection","","","test__update_collection_strip_string_fields__OK",""
"passed","Tue May 21 22:20:53 GMT 2024","Tue May 21 22:20:53 GMT 2024","13","tests.unit.backend.layers.utils","test_aws_secret","TestAwsSecret","","","test_init_of_unknown_secret_does_not_set_secret_metadata",""
"passed","Tue May 21 22:20:50 GMT 2024","Tue May 21 22:20:50 GMT 2024","8","tests.unit.backend.layers.business","test_business","TestDatasetArtifactMetadataUpdates","","","test_trigger_dataset_artifact_update__error_if_published",""
"passed","Tue May 21 22:20:50 GMT 2024","Tue May 21 22:20:50 GMT 2024","9","tests.unit.backend.layers.business","test_business","TestDatasetArtifactMetadataUpdates","","","test_trigger_dataset_artifact_update",""
"passed","Tue May 21 22:21:27 GMT 2024","Tue May 21 22:21:27 GMT 2024","2","tests.unit.processing","test_dataset_metadata_update","TestValidArtifactStatuses","","","test_has_valid_artifact_statuses__invalid_h5ad_status_1",""
"passed","Tue May 21 22:20:49 GMT 2024","Tue May 21 22:20:49 GMT 2024","1","tests.unit.backend.layers.business","test_business","TestCreateCollection","","","test_create_collection_ok","
        A collection can be created using `create_collection`
        "
"passed","Tue May 21 22:22:10 GMT 2024","Tue May 21 22:22:10 GMT 2024","0","tests.unit.processing","test_spatial_assets_utils","","","","test__fetch_image_fullres","
    Test that _fetch_image returns the fullres image when present.
    "
"passed","Tue May 21 22:22:09 GMT 2024","Tue May 21 22:22:09 GMT 2024","3","tests.unit.processing","test_process_download","TestProcessDownload","","","test_download_from_s3_uri","
        Call process download using an s3 uri
        "
"passed","Tue May 21 22:20:48 GMT 2024","Tue May 21 22:20:48 GMT 2024","3","tests.unit.backend.layers.api","test_portal_api","TestCollection","","","test__list_collection_options__no_allow",""
"passed","Tue May 21 22:20:49 GMT 2024","Tue May 21 22:20:49 GMT 2024","39","tests.unit.backend.layers.business","test_business","TestGetAllCollections","","","test_get_all_collections_unfiltered_ok","
        All the collection versions for all collections should be returned by `get_collections`, including published,
        unpublished, and all owners.
        "
"passed","Tue May 21 22:20:47 GMT 2024","Tue May 21 22:20:47 GMT 2024","1","tests.unit.backend.layers.api","test_gene_info","GeneInfoAPIv1Tests","","","test_api_search_calls","
        In combination with test_api_fetch_calls, checks external API call in search requests (_search_gene_uid)
        "
"passed","Tue May 21 22:20:45 GMT 2024","Tue May 21 22:20:45 GMT 2024","29","tests.unit.backend.layers.api","test_curation_api","TestGetDatasets","","","test_get_dataset_in_a_collection",""
"passed","Tue May 21 22:20:49 GMT 2024","Tue May 21 22:20:49 GMT 2024","3","tests.unit.backend.layers.auth","test_auth_keys","TestKeys","","","test__delete_key__202",""
"passed","Tue May 21 22:20:48 GMT 2024","Tue May 21 22:20:48 GMT 2024","4","tests.unit.backend.layers.api","test_portal_api","TestCollection","","","test__post_collection_rejects_invalid_doi",""
"passed","Tue May 21 22:20:44 GMT 2024","Tue May 21 22:20:44 GMT 2024","3","tests.unit.backend.layers.api","test_curation_api","TestPostCollection","","","test__create_collection__no_auth",""
"passed","Tue May 21 22:21:28 GMT 2024","Tue May 21 22:21:28 GMT 2024","32","tests.unit.processing","test_h5ad_data_file","TestH5ADDataFile","","","test__create_h5ad_data_file__copy_if_var_index_name_not_in_columns",""
"passed","Tue May 21 22:20:44 GMT 2024","Tue May 21 22:20:44 GMT 2024","74","tests.unit.backend.layers.api","test_curation_api","TestDeleteCollection","","","test__delete_tombstone_collection",""
"passed","Tue May 21 22:20:45 GMT 2024","Tue May 21 22:20:45 GMT 2024","5","tests.unit.backend.layers.api","test_curation_api","TestGetDatasets","","","test_get_datasets_nonexistent_collection_4xx",""
"passed","Tue May 21 22:21:27 GMT 2024","Tue May 21 22:21:27 GMT 2024","12","tests.unit.processing","test_dataset_metadata_update","TestUpdateMetadataHandler","","","test_update_metadata__invalid_artifact_status",""
"passed","Tue May 21 22:20:59 GMT 2024","Tue May 21 22:20:59 GMT 2024","13","tests.unit.backend.layers.utils","test_secret_config","TestSecretConfig","","","test_when_item_is_not_in_config_not_in_env_we_raise",""
"passed","Tue May 21 22:20:53 GMT 2024","Tue May 21 22:20:56 GMT 2024","2065","tests.unit.backend.layers.utils","test_aws_secret","TestAwsSecret","","","test_update_of_existing_secret_updates_secret",""
"passed","Tue May 21 22:20:44 GMT 2024","Tue May 21 22:20:44 GMT 2024","10","tests.unit.backend.layers.api","test_curation_api","TestGetCollections","","","test__get_collections_with_auth__OK_5","revision_of contains None if the collection is public"
"passed","Tue May 21 22:20:50 GMT 2024","Tue May 21 22:20:50 GMT 2024","5","tests.unit.backend.layers.business","test_business","TestCollectionOperations","","","test_publish_version_fails_on_mismatching_dataset_schema_versions","
        `publish_collection_version` should fail if called on a collection version with datasets that have mismatching
        schema versions
        "
"passed","Tue May 21 22:20:50 GMT 2024","Tue May 21 22:20:50 GMT 2024","33","tests.unit.backend.layers.business","test_business","TestGetDataset","","","test_get_prior_published_versions_for_dataset","
        Given a canonical dataset id, return all its DatasetVersions that have been part of published CollectionVersions
        "
"passed","Tue May 21 22:20:45 GMT 2024","Tue May 21 22:20:45 GMT 2024","7","tests.unit.backend.layers.api","test_curation_api","TestPatchCollectionID","","","test__update_collection_strip_string_fields",""
"passed","Tue May 21 22:20:59 GMT 2024","Tue May 21 22:20:59 GMT 2024","1","tests.unit.backend.layers.utils","test_secret_config","TestSecretConfig","","","test_from_file",""
"passed","Tue May 21 22:20:50 GMT 2024","Tue May 21 22:20:50 GMT 2024","14","tests.unit.backend.layers.business","test_business","TestCollectionOperations","","","test_publish_version_with_updated_metadata_ok","
        Publishing a collection with updated metadata should succeed, but not update revised_at
        "
"passed","Tue May 21 22:20:48 GMT 2024","Tue May 21 22:20:48 GMT 2024","5","tests.unit.backend.layers.api","test_portal_api","TestUpdateCollection","","","test__update_collection__403",""
"passed","Tue May 21 22:20:45 GMT 2024","Tue May 21 22:20:45 GMT 2024","7","tests.unit.backend.layers.api","test_curation_api","TestPatchCollectionID","","","test__update_collection__doi__OK",""
"passed","Tue May 21 22:20:50 GMT 2024","Tue May 21 22:20:50 GMT 2024","5","tests.unit.backend.layers.business","test_business","TestCollectionOperations","","","test_get_collection_version_from_canonical_unpublished_ok","
        `get_collection_version_from_canonical` retrieves the unpublished version connected
        to the canonical collection, if no published version is available
        "
"passed","Tue May 21 22:20:50 GMT 2024","Tue May 21 22:20:50 GMT 2024","1","tests.unit.backend.layers.common","test_validation","","","","test__link__OK[data_source-https://www.google.com]",""
"passed","Tue May 21 22:20:49 GMT 2024","Tue May 21 22:20:49 GMT 2024","4","tests.unit.backend.layers.api","test_version","TestVersion","","","test_get",""
"passed","Tue May 21 22:20:51 GMT 2024","Tue May 21 22:20:51 GMT 2024","2","tests.unit.backend.layers.thirdparty","test_crossref_provider","TestCrossrefProvider","","","test__published_doi_used_if_exists_for_preprint",""
"passed","Tue May 21 22:20:59 GMT 2024","Tue May 21 22:20:59 GMT 2024","0","tests.unit.backend.layers.utils","test_uri","TestRegisteredSources","","","test_register_pos",""
"passed","Tue May 21 22:22:09 GMT 2024","Tue May 21 22:22:09 GMT 2024","0","tests.unit.processing","test_process_download","","","","test_estimate_resource_requirements_positive[adata0-memory_settings0-expected0]",""
"passed","Tue May 21 22:20:49 GMT 2024","Tue May 21 22:20:49 GMT 2024","5","tests.unit.backend.layers.api","test_portal_api","TestCollectionPostUploadLink","","","test__link_not_owner__403",""
"passed","Tue May 21 22:28:00 GMT 2024","Tue May 21 22:28:00 GMT 2024","8","tests.unit.backend.cellguide.pipeline","test_valid_explorer_cxgs","TestValidExplorerCxgs","","","test__valid_explorer_cxgs",""
"passed","Tue May 21 22:22:09 GMT 2024","Tue May 21 22:22:09 GMT 2024","1","tests.unit.processing","test_process_download","","","","test_get_job_definion_name[environ0-dp-test-stack-ingest-process-fake_dataset_id]",""
"passed","Tue May 21 22:20:48 GMT 2024","Tue May 21 22:20:48 GMT 2024","6","tests.unit.backend.layers.api","test_portal_api","TestUpdateCollection","","","test__update_collection_partial__OK",""
"passed","Tue May 21 22:20:44 GMT 2024","Tue May 21 22:20:44 GMT 2024","7","tests.unit.backend.layers.api","test_curation_api","TestGetCollectionVersions","","","test__get_collection_versions_not_a_uuid__403",""
"passed","Tue May 21 22:22:09 GMT 2024","Tue May 21 22:22:09 GMT 2024","1","tests.unit.processing","test_process_download","","","","test_estimate_resource_requirements_positive[adata2-memory_settings2-expected2]",""
"passed","Tue May 21 22:20:50 GMT 2024","Tue May 21 22:20:50 GMT 2024","1","tests.unit.backend.layers.common","test_validation","","","","test__link__OK[doi-http://somewhere.org/path/?abcd=123]",""
"passed","Tue May 21 22:22:09 GMT 2024","Tue May 21 22:22:09 GMT 2024","2","tests.unit.processing","test_process_download","TestProcessDownload","","","test_download_unknown_uri","
        Call process download using unknown
        "
"passed","Tue May 21 22:20:48 GMT 2024","Tue May 21 22:20:48 GMT 2024","4","tests.unit.backend.layers.api","test_portal_api","TestCollection","","","test__post_collection_ignores_metadata_if_no_doi",""
"passed","Tue May 21 22:20:50 GMT 2024","Tue May 21 22:20:50 GMT 2024","21","tests.unit.backend.layers.business","test_business","TestCollectionOperations","","","test_get_collection_versions_for_canonical_ok","
        `get_collection_versions_from_canonical` can be used to retrieve all the versions
        for a canonical collection, whether those are published, active or neither
        "
"passed","Tue May 21 22:20:31 GMT 2024","Tue May 21 22:20:31 GMT 2024","0","tests.unit.scripts","test_zenhub_close","","","","test_format_issue",""
"passed","Tue May 21 22:21:00 GMT 2024","Tue May 21 22:21:00 GMT 2024","0","tests.unit.backend.wmg.data","test_snapshot","","","","test_get_wmg_snapshot_schema_dir_rel_path",""
"passed","Tue May 21 22:20:49 GMT 2024","Tue May 21 22:20:49 GMT 2024","1","tests.unit.backend.layers.business","test_business","TestCreateCollection","","","test_create_collection_with_doi_error_ignores_metadata_ok","
        A collection with an invalid DOI will be created with empty publisher metadata
        "
"passed","Tue May 21 22:20:50 GMT 2024","Tue May 21 22:20:50 GMT 2024","1","tests.unit.backend.layers.common","test_validation","","","","test__link__INVALID[doi-google.com]",""
"passed","Tue May 21 22:20:45 GMT 2024","Tue May 21 22:20:45 GMT 2024","13","tests.unit.backend.layers.api","test_curation_api","TestPatchCollectionID","","","test__update_revision__OK",""
"passed","Tue May 21 22:20:58 GMT 2024","Tue May 21 22:20:58 GMT 2024","0","tests.unit.backend.layers.utils","test_matrix_utils","TestMatrixUtils","","","test__is_matrix_sparse__partially_populated_sparse_matrix_returns_true",""
"passed","Tue May 21 22:20:50 GMT 2024","Tue May 21 22:20:50 GMT 2024","1","tests.unit.backend.layers.common","test_validation","","","","test__link__INVALID[lab_website-google.com]",""
"passed","Tue May 21 22:20:45 GMT 2024","Tue May 21 22:20:45 GMT 2024","9","tests.unit.backend.layers.api","test_curation_api","TestPatchCollectionID","","","test__update_collection__doi_is_not_CURIE_reference__BAD_REQUEST",""
"passed","Tue May 21 22:20:58 GMT 2024","Tue May 21 22:20:58 GMT 2024","3","tests.unit.backend.layers.utils","test_matrix_utils","TestMatrixUtils","","","test__is_matrix_sparse_with_column_shift_encoding__giant_matrix_returns_false_early",""
"passed","Tue May 21 22:22:10 GMT 2024","Tue May 21 22:22:10 GMT 2024","1","tests.unit.processing","test_spatial_assets_utils","","","","test__valid_input_metadata_copy","
    Test case for verifying the required metadata is present
    "
"passed","Tue May 21 22:22:08 GMT 2024","Tue May 21 22:22:08 GMT 2024","1","tests.unit.processing","test_handle_error","","","","test_get_failure_slack_notification_message_with_dataset_and_collection",""
"passed","Tue May 21 22:20:59 GMT 2024","Tue May 21 22:21:00 GMT 2024","508","tests.unit.backend.wmg.api","test_v2","WmgApiV2Tests","","","test__schema4__query_request_with_compare_by_ethnicity__excludes_comma_delimited_ethnicity_values",""
"passed","Tue May 21 22:20:44 GMT 2024","Tue May 21 22:20:44 GMT 2024","9","tests.unit.backend.layers.api","test_curation_api","TestGetCollections","","","test__collection_level_processing_status__FAILURE",""
"passed","Tue May 21 22:20:49 GMT 2024","Tue May 21 22:20:49 GMT 2024","8","tests.unit.backend.layers.business","test_business","TestGetCollectionVersion","","","test_get_published_collection_version_for_published_collection_ok","
        A published collection can be obtained using `get_collection`
        "
"passed","Tue May 21 22:20:48 GMT 2024","Tue May 21 22:20:48 GMT 2024","5","tests.unit.backend.layers.api","test_portal_api","TestUpdateCollection","","","test__remove_collection_consortia",""
"passed","Tue May 21 22:20:50 GMT 2024","Tue May 21 22:20:50 GMT 2024","21","tests.unit.backend.layers.business","test_business","TestCollectionOperations","","","test_publish_version_with_added_dataset_ok","
        Publishing a version with a dataset added should succeed
        "
"passed","Tue May 21 22:20:31 GMT 2024","Tue May 21 22:20:31 GMT 2024","7","tests.unit.scripts","test_tombstone","TestTombstone","","","test__tombstone_collection",""
"passed","Tue May 21 22:20:44 GMT 2024","Tue May 21 22:20:44 GMT 2024","9","tests.unit.backend.layers.api","test_curation_api","TestGetCollections","","","test__get_collections_no_auth__OK",""
"passed","Tue May 21 22:23:27 GMT 2024","Tue May 21 22:23:30 GMT 2024","3128","tests.unit.wmg_processing","test_ontology_labels","OntologyLabelTests","","","test__ontology_term_label",""
"passed","Tue May 21 22:20:59 GMT 2024","Tue May 21 22:20:59 GMT 2024","1","tests.unit.backend.layers.utils","test_type_conversion_utils","","","","test_type_inference[parameters18]",""
"passed","Tue May 21 22:20:59 GMT 2024","Tue May 21 22:20:59 GMT 2024","1","tests.unit.backend.layers.utils","test_type_conversion_utils","","","","test_type_inference[parameters45]",""
"passed","Tue May 21 22:20:59 GMT 2024","Tue May 21 22:20:59 GMT 2024","0","tests.unit.backend.layers.utils","test_type_conversion_utils","","","","test_type_inference[parameters15]",""
"passed","Tue May 21 22:20:50 GMT 2024","Tue May 21 22:20:50 GMT 2024","2","tests.unit.backend.layers.thirdparty","test_crossref_provider","TestCrossrefProvider","","","test__provider_calls_crossref_if_api_key_defined",""
"passed","Tue May 21 22:20:44 GMT 2024","Tue May 21 22:20:44 GMT 2024","8","tests.unit.backend.layers.api","test_curation_api","TestGetCollectionVersions","","","test__get_collection_versions_tombstoned__410",""
"passed","Tue May 21 22:20:44 GMT 2024","Tue May 21 22:20:44 GMT 2024","24","tests.unit.backend.wmg.api.common","test_rollup","","","","test__rollup[no_compare_dim_gene_expressed_in_one_tissue_but_not_other-input_cell_counts_df2-expected_cell_counts_df2-input_gene_expr_df2-expected_gene_expr_df2]","
    Test that the `rollup` function correctly accumulates (or rolls up) gene-expression
    values FOR EACH expressed gene and cell count values up the cell type ANCESTOR paths
    grouped by (tissue_ontology_term_id, cell_type_ontology_term_id, <compare_dimension>).

    The input:

    1. A cell type ontology subgraph consisting of 4 cell types.

    CL:0000127
    ├── CL:0000644
    ├── CL:0002605
    └── CL:0002627

    2. A gene expression dataframe consisting of expression numeric values for each
    (gene_ontology_term_id, tissue_ontology_term_id, cell_type_ontology_term_id, <compare_dimension>) tuple.
    3. The gene expression dataframe also holds total cell counts per tissue_ontology_term_id.
    This value is held in a column called `n_cells_tissue`.
    6. A cell counts dataframe that consists of cell counts for each
    (tissue_ontology_term_id, cell_type_ontology_term_id, <compare_dimension>) tuple.
    7. We set the `n_cells_tissue` column values to 1000 for all rows
    in the gene expression dataframe.
    8. We set all other numeric column values to `1` in the gene expression dataframe.

    The expected output:

    1. A rolled up gene expression dataframe.
    2. A rolled up cell counts dataframe.
    3. Assert that `n_cells_tissue` column value in the rolled up gene expression dataframe
    does not change for all rows because it should not be rolled up the cell type ontology
    ancestor paths.
    4. Assert that other numeric column values (i.e the columns that are not `n_cells_tissue`)
    in the rolled up gene expression dataframe hold the correct rolled up values.
    5. Assert that the cell counts in the rolled up cell counts dataframe hold the correct
    rolled up values.
    "
"passed","Tue May 21 22:20:45 GMT 2024","Tue May 21 22:20:45 GMT 2024","4","tests.unit.backend.layers.api","test_curation_api","TestPatchCollectionID","","","test__update_collection__Super_Curator",""
"passed","Tue May 21 22:19:44 GMT 2024","Tue May 21 22:19:44 GMT 2024","1","tests.unit.backend.cellguide.pipeline","test_canonical_marker_genes","CanonicalMarkerGeneCompilerUtilsTests","","","test__get_title_and_citation_from_doi",""
"passed","Tue May 21 22:20:49 GMT 2024","Tue May 21 22:20:49 GMT 2024","7","tests.unit.backend.layers.business","test_business","TestUpdateCollectionDatasets","","","test_replace_dataset_in_published_collection_fail","
        Replacing a dataset that belongs to a published collection should fail
        "
"passed","Tue May 21 22:20:59 GMT 2024","Tue May 21 22:20:59 GMT 2024","1","tests.unit.backend.layers.utils","test_type_conversion_utils","","","","test_type_inference[parameters9]",""
"passed","Tue May 21 22:21:00 GMT 2024","Tue May 21 22:21:00 GMT 2024","0","tests.unit.backend.common","test_common","","","","test_remove_duplicate_dataset_assets",""
"passed","Tue May 21 22:20:45 GMT 2024","Tue May 21 22:20:45 GMT 2024","20","tests.unit.backend.layers.api","test_curation_api","TestPatchCollectionID","","","test__update_collection__links__OK",""
"passed","Tue May 21 22:20:49 GMT 2024","Tue May 21 22:20:49 GMT 2024","7","tests.unit.backend.layers.api","test_portal_api","TestPublishRevision","","","test__publish_revision_invalid_data_submission_policy_version__400","
        Checks for failure on submit of a data submission policy version that is not a valid version.
        "
"passed","Tue May 21 22:22:10 GMT 2024","Tue May 21 22:22:10 GMT 2024","1","tests.unit.processing","test_spatial_assets_utils","","","","test__upload_assets_failure","
    Test upload assets to S3 when the upload fails
    "
"passed","Tue May 21 22:20:49 GMT 2024","Tue May 21 22:20:49 GMT 2024","6","tests.unit.backend.layers.auth","test_auth_keys","TestKeys","","","test__create_key__201",""
"passed","Tue May 21 22:20:49 GMT 2024","Tue May 21 22:20:49 GMT 2024","1","tests.unit.backend.layers.business","test_business","TestUpdateCollectionDatasets","","","test_add_dataset_to_unpublished_collection_ok","
        A dataset can be added to a collection when `ingest_dataset` is called.
        The resulting dataset should be empty and in a state ready for processing.
        "
"passed","Tue May 21 22:20:49 GMT 2024","Tue May 21 22:20:49 GMT 2024","9","tests.unit.backend.layers.business","test_business","TestUpdateCollectionDatasets","","","test_create_empty_dataset_version_for_current_dataset",""
"passed","Tue May 21 22:21:27 GMT 2024","Tue May 21 22:21:27 GMT 2024","2","tests.unit.processing.schema_migration","test_publish_and_cleanup","TestPublishAndCleanup","","","test_OK",""
"passed","Tue May 21 22:20:44 GMT 2024","Tue May 21 22:20:44 GMT 2024","341","tests.unit.backend.wmg.api.common","test_expression_dotplot","ExpressionDotPlotTest","","","test__query_non_indexed_dim_single_valued__returns_correct_result",""
"passed","Tue May 21 22:19:44 GMT 2024","Tue May 21 22:19:44 GMT 2024","0","tests.unit.backend.cellguide.pipeline","test_canonical_marker_genes","CanonicalMarkerGeneCompilerUtilsTests","","","test__format_citation",""
"passed","Tue May 21 22:20:59 GMT 2024","Tue May 21 22:20:59 GMT 2024","0","tests.unit.backend.layers.utils","test_type_conversion_utils","","","","test_type_inference[parameters58]",""
"passed","Tue May 21 22:20:59 GMT 2024","Tue May 21 22:20:59 GMT 2024","1","tests.unit.backend.layers.utils","test_type_conversion_utils","","","","test_type_inference[parameters27]",""
"passed","Tue May 21 22:20:48 GMT 2024","Tue May 21 22:20:48 GMT 2024","8","tests.unit.backend.layers.api","test_portal_api","TestCollection","","","test__list_collection__ok",""
"passed","Tue May 21 22:20:47 GMT 2024","Tue May 21 22:20:47 GMT 2024","4","tests.unit.backend.layers.api","test_gene_info","GeneInfoAPIv1Tests","","","test_gene_checker_call","
        Successfully calls GeneChecker if called with only a name parameter
        "
"passed","Tue May 21 22:21:27 GMT 2024","Tue May 21 22:21:27 GMT 2024","10","tests.unit.processing","test_dataset_metadata_update","TestUpdateMetadataHandler","","","test_update_metadata__missing_rds",""
"passed","Tue May 21 22:21:27 GMT 2024","Tue May 21 22:21:27 GMT 2024","3","tests.unit.processing","test_dataset_metadata_update","TestValidArtifactStatuses","","","test_has_valid_artifact_statuses_1",""
"passed","Tue May 21 22:22:09 GMT 2024","Tue May 21 22:22:09 GMT 2024","3","tests.unit.processing","test_process_validate","ProcessingTest","","","test_populate_dataset_citation__no_publication_doi",""
"passed","Tue May 21 22:20:15 GMT 2024","Tue May 21 22:20:15 GMT 2024","30","tests.unit.wmg_processing","test_cell_type_ancestors","CellTypeAncestorTests","","","test_cell_type_ancestors",""
"passed","Tue May 21 22:20:49 GMT 2024","Tue May 21 22:20:49 GMT 2024","2","tests.unit.backend.layers.business","test_business","TestUpdateCollection","","","test_update_collection_change_doi","
        A collection updated with a new DOI should get new publisher metadata from Crossref
        "
"passed","Tue May 21 22:20:49 GMT 2024","Tue May 21 22:20:49 GMT 2024","14","tests.unit.backend.layers.api","test_portal_api","TestRevision","","","test__revision_not_owner__403","
        Start a revision on a collection as a non-owner.
        "
"passed","Tue May 21 22:20:48 GMT 2024","Tue May 21 22:20:48 GMT 2024","7","tests.unit.backend.layers.api","test_portal_api","TestDataset","","","test__get_status__403",""
"passed","Tue May 21 22:20:48 GMT 2024","Tue May 21 22:20:48 GMT 2024","17","tests.unit.backend.layers.api","test_portal_api","TestCollectionDeletion","","","test_deleted_collection_does_not_appear_in_collection_lists",""
"passed","Tue May 21 22:20:44 GMT 2024","Tue May 21 22:20:44 GMT 2024","9","tests.unit.backend.layers.api","test_curation_api","TestGetCollections","","","test__collection_level_processing_status__PENDING",""
"passed","Tue May 21 22:20:51 GMT 2024","Tue May 21 22:20:51 GMT 2024","162","tests.unit.backend.layers.utils","test_aws","TestDeleteManyFromS3","","","test_delete_from_s3_handles_no_files",""
"passed","Tue May 21 22:21:27 GMT 2024","Tue May 21 22:21:27 GMT 2024","12","tests.unit.processing","test_cxg_generation_utils","TestCxgGenerationUtils","","","test__convert_matrices_to_cxg_arrays__dense_array_writes_successfully",""
"passed","Tue May 21 22:20:44 GMT 2024","Tue May 21 22:20:44 GMT 2024","9","tests.unit.backend.layers.api","test_curation_api","TestGetCollections","","","test__get_collections_with_auth__OK_2","The 'revising_in' attribute is None for collections which lack a revision"
"passed","Tue May 21 22:20:44 GMT 2024","Tue May 21 22:20:44 GMT 2024","5","tests.unit.backend.layers.api","test_app","TestAPI","","","test__api_index__returns_200","If this fails then the server does not work"
"passed","Tue May 21 22:20:50 GMT 2024","Tue May 21 22:20:50 GMT 2024","1","tests.unit.backend.layers.business","test_business","TestDeleteDataset","","","test_delete_artifacts_delete_cxg",""
"passed","Tue May 21 22:20:50 GMT 2024","Tue May 21 22:20:50 GMT 2024","0","tests.unit.backend.layers.common","test_validation","","","","test__link__INVALID[protocol-google]",""
"passed","Tue May 21 22:20:48 GMT 2024","Tue May 21 22:20:48 GMT 2024","4","tests.unit.backend.layers.api","test_portal_api","TestCollection","","","test__post_collection_fails_if_data_missing",""
"passed","Tue May 21 22:22:10 GMT 2024","Tue May 21 22:22:10 GMT 2024","1","tests.unit.processing","test_spatial_assets_utils","","","","test__fetch_image_key_error","
    Test that _fetch_image raises KeyError when neither fullres nor hires images are present.
    "
"passed","Tue May 21 22:20:48 GMT 2024","Tue May 21 22:20:48 GMT 2024","3","tests.unit.backend.layers.api","test_portal_api","TestCollection","","","test__post_collection_rejects_invalid_consortia",""
"passed","Tue May 21 22:21:27 GMT 2024","Tue May 21 22:21:27 GMT 2024","14","tests.unit.processing","test_cxg_generation_utils","TestCxgGenerationUtils","","","test__convert_ndarray_to_cxg_dense_array__writes_successfully",""
"passed","Tue May 21 22:21:27 GMT 2024","Tue May 21 22:21:27 GMT 2024","2","tests.unit.processing","test_dataset_submissions","TestDatasetSubmissions","","","test__missing_collection_id__raises_error",""
"passed","Tue May 21 22:20:50 GMT 2024","Tue May 21 22:20:50 GMT 2024","0","tests.unit.backend.layers.business","test_business","TestCollectionOperations","","","test_create_collection_version_fails_if_collection_not_exists","
        A collection version can only be created on an existing collection
        "
"passed","Tue May 21 22:20:50 GMT 2024","Tue May 21 22:20:50 GMT 2024","20","tests.unit.backend.layers.business","test_business","TestCollectionOperations","","","test_publish_version_with_removed_dataset_ok","
        Publishing a version with a dataset removed should succeed
        "
"passed","Tue May 21 22:21:27 GMT 2024","Tue May 21 22:21:27 GMT 2024","9","tests.unit.processing","test_cxg_generation_utils","TestCxgGenerationUtils","","","test__convert_dictionary_to_cxg_group__writes_successfully",""
"passed","Tue May 21 22:20:47 GMT 2024","Tue May 21 22:20:47 GMT 2024","6","tests.unit.backend.layers.api","test_curation_api","TestPutLink","","","test__from_link__no_auth","
        Calling PUT /datasets/:dataset_id should fail with 401 Unauthorized if the user is not authenticated
        "
"passed","Tue May 21 22:22:09 GMT 2024","Tue May 21 22:22:09 GMT 2024","0","tests.unit.processing","test_process_download","","","","test_get_job_definion_name[environ2-dp-test-ingest-process-fake_dataset_id]",""
"passed","Tue May 21 22:21:27 GMT 2024","Tue May 21 22:21:27 GMT 2024","0","tests.unit.processing.schema_migration","test_publish_revisions","TestPublishRevisions","","","test_check_datasets_fail_status","Check datasets when one of the dataset has failed during the ingestion process."
"passed","Tue May 21 22:20:59 GMT 2024","Tue May 21 22:20:59 GMT 2024","1","tests.unit.backend.layers.utils","test_type_conversion_utils","","","","test_type_inference[parameters25]",""
"passed","Tue May 21 22:20:48 GMT 2024","Tue May 21 22:20:48 GMT 2024","12","tests.unit.backend.layers.api","test_portal_api","TestUpdateCollection","","","test__set_collection_version_datasets_order_get_default_sort__OK",""
"passed","Tue May 21 22:20:47 GMT 2024","Tue May 21 22:20:47 GMT 2024","4","tests.unit.backend.layers.api","test_curation_api","TestPostDataset","","","test_post_datasets_returns_canonical_id","
        POST /datasets returns the canonical dataset id on creation.
        "
"passed","Tue May 21 22:20:44 GMT 2024","Tue May 21 22:20:44 GMT 2024","39","tests.unit.backend.layers.api","test_curation_api","TestGetCollectionVersions","","","test__get_collection_versions__200",""
"passed","Tue May 21 22:21:27 GMT 2024","Tue May 21 22:21:27 GMT 2024","136","tests.unit.processing","test_dataset_metadata_update","TestValidArtifactStatuses","","","test_has_valid_artifact_statuses__invalid_rds_status_1",""
"passed","Tue May 21 22:22:10 GMT 2024","Tue May 21 22:22:10 GMT 2024","3","tests.unit.processing","test_spatial_assets_utils","","","","test__create_deep_zoom_assets_exception",""
"passed","Tue May 21 22:20:45 GMT 2024","Tue May 21 22:20:45 GMT 2024","6","tests.unit.backend.layers.api","test_curation_api","TestPatchCollectionID","","","test__update_collection_partial_data__OK",""
"passed","Tue May 21 22:20:59 GMT 2024","Tue May 21 22:20:59 GMT 2024","13","tests.unit.backend.layers.utils","test_secret_config","TestSecretConfig","","","test_singletonness",""
"passed","Tue May 21 22:20:45 GMT 2024","Tue May 21 22:20:45 GMT 2024","15","tests.unit.backend.layers.api","test_curation_api","TestDeleteDataset","","","test__delete_dataset_by_version_id","
        Calling DELETE /collections/:collection_id/datasets/:dataset_id should return a 403 in all cases with auth
        credentials, and a 401 without auth credentials
        "
"passed","Tue May 21 22:20:59 GMT 2024","Tue May 21 22:20:59 GMT 2024","1","tests.unit.backend.layers.utils","test_type_conversion_utils","","","","test_type_inference[parameters37]",""
"passed","Tue May 21 22:20:50 GMT 2024","Tue May 21 22:20:50 GMT 2024","0","tests.unit.backend.layers.common","test_validation","","","","test__link__INVALID[raw_data-https://]",""
"passed","Tue May 21 22:20:59 GMT 2024","Tue May 21 22:20:59 GMT 2024","1","tests.unit.backend.layers.utils","test_type_conversion_utils","","","","test_type_inference[parameters102]",""
"passed","Tue May 21 22:20:45 GMT 2024","Tue May 21 22:20:45 GMT 2024","6","tests.unit.backend.layers.api","test_curation_api","TestGetDatasets","","","test_get_dataset_no_assets",""
"passed","Tue May 21 22:22:10 GMT 2024","Tue May 21 22:22:10 GMT 2024","10","tests.unit.processing","test_spatial_assets_utils","","","","test__convert_uns_to_cxg_group",""
"passed","Tue May 21 22:20:50 GMT 2024","Tue May 21 22:20:50 GMT 2024","32","tests.unit.backend.layers.business","test_business","TestGetEntitiesBySchema","","","test_get_latest_published_collection_versions_by_schema","
        Test fetching index of most recently published collection versions with datasets matching a given
        CxG schema version
        "
"passed","Tue May 21 22:22:10 GMT 2024","Tue May 21 22:22:10 GMT 2024","1","tests.unit.processing","test_spatial_assets_utils","","","","test__crop_to_aspect_ratio[23-11]","
    Test the cropping method to ensure the image is cropped to a square
    "
"passed","Tue May 21 22:21:26 GMT 2024","Tue May 21 22:21:26 GMT 2024","0","tests.unit.processing.schema_migration","test_gather_collections","TestGatherCollections","","","test_with_revision",""
"passed","Tue May 21 22:20:48 GMT 2024","Tue May 21 22:20:48 GMT 2024","16","tests.unit.backend.layers.api","test_portal_api","TestCollection","","","test__get_all_collections_for_index","
        The `collections/index` endpoint should only return public collections
        "
"passed","Tue May 21 22:20:50 GMT 2024","Tue May 21 22:20:50 GMT 2024","0","tests.unit.backend.layers.common","test_validation","","","","test__link__INVALID[raw_data-.com]",""
"passed","Tue May 21 22:20:50 GMT 2024","Tue May 21 22:20:50 GMT 2024","9","tests.unit.backend.layers.business","test_business","TestCollectionOperations","","","test_resurrect_collection_ok","
        A tombstoned Collection can be resurrected
        "
"passed","Tue May 21 22:20:49 GMT 2024","Tue May 21 22:20:49 GMT 2024","2","tests.unit.backend.layers.business","test_business","TestUpdateCollectionDatasets","","","test_replace_dataset_on_empty_dataset_does_not_generate_new_ok","
        Calling `ingest_dataset` and specifying an existing dataset that is empty should start the ingestion
        without creating a new dataset version
        "
"passed","Tue May 21 22:22:08 GMT 2024","Tue May 21 22:22:08 GMT 2024","1","tests.unit.processing","test_handle_error","","","","test_get_failure_slack_notification_message_with_missing_collection",""
"passed","Tue May 21 22:22:09 GMT 2024","Tue May 21 22:22:09 GMT 2024","0","tests.unit.processing","test_handle_error","TestCleanupArtifacts","","","test_cleanup_artifacts__not_download_validate","Check that file in the artifact bucket are not delete if error_step is not download-validate."
"passed","Tue May 21 22:20:47 GMT 2024","Tue May 21 22:20:47 GMT 2024","0","tests.unit.backend.layers.api","test_gene_info","GeneInfoAPIv1Tests","","","test_unexpected_ncbi_responses","Correctly identifies a valid search result from NCBI"
"passed","Tue May 21 22:20:59 GMT 2024","Tue May 21 22:20:59 GMT 2024","1","tests.unit.backend.layers.utils","test_type_conversion_utils","","","","test_type_inference[parameters47]",""
"passed","Tue May 21 22:20:59 GMT 2024","Tue May 21 22:20:59 GMT 2024","0","tests.unit.backend.layers.utils","test_semvar_utils","TestSemvarUtils","","","test__release_only_properly_formatted_semvar__returns_true",""
"passed","Tue May 21 22:20:59 GMT 2024","Tue May 21 22:20:59 GMT 2024","0","tests.unit.backend.layers.utils","test_type_conversion_utils","","","","test_type_inference[parameters48]",""
"passed","Tue May 21 22:20:58 GMT 2024","Tue May 21 22:20:58 GMT 2024","0","tests.unit.backend.layers.utils","test_matrix_utils","TestMatrixUtils","","","test__is_matrix_sparse__partially_populated_dense_matrix_returns_false",""
"passed","Tue May 21 22:21:27 GMT 2024","Tue May 21 22:21:27 GMT 2024","20","tests.unit.processing","test_dataset_metadata_update","TestDatasetMetadataUpdaterWorker","","","test_update_cxg",""
"passed","Tue May 21 22:20:50 GMT 2024","Tue May 21 22:20:50 GMT 2024","25","tests.unit.backend.layers.business","test_business","TestCollectionOperations","","","test_resurrect_collection_with_tombstoned_dataset_ok","
        Individually-tombstoned Datasets should remain tombstoned after resurrection of their parent Collection.
        "
"passed","Tue May 21 22:20:59 GMT 2024","Tue May 21 22:20:59 GMT 2024","1","tests.unit.backend.layers.utils","test_type_conversion_utils","","","","test_type_inference[parameters31]",""
"passed","Tue May 21 22:20:48 GMT 2024","Tue May 21 22:20:48 GMT 2024","10","tests.unit.backend.layers.api","test_portal_api","TestUpdateCollection","","","test__set_collection_version_datasets_order_published_collection__403",""
"passed","Tue May 21 22:20:48 GMT 2024","Tue May 21 22:20:48 GMT 2024","9","tests.unit.backend.layers.api","test_portal_api","TestCollectionDeletion","","","test_delete_collection_version__public__403",""
"passed","Tue May 21 22:20:48 GMT 2024","Tue May 21 22:20:48 GMT 2024","6","tests.unit.backend.layers.api","test_portal_api","TestUpdateCollection","","","test__update_collection__OK",""
"passed","Tue May 21 22:20:48 GMT 2024","Tue May 21 22:20:48 GMT 2024","12","tests.unit.backend.layers.api","test_portal_api","TestDataset","","","test__cancel_dataset_download__ok",""
"passed","Tue May 21 22:20:50 GMT 2024","Tue May 21 22:20:50 GMT 2024","12","tests.unit.backend.layers.business","test_business","TestSetPreviousDatasetVersion","","","test_revision_restoring_previously_published_dataset",""
"passed","Tue May 21 22:20:47 GMT 2024","Tue May 21 22:20:47 GMT 2024","9","tests.unit.backend.layers.api","test_curation_api","TestPostDataset","","","test_post_datasets_public_collection_405",""
"passed","Tue May 21 22:20:59 GMT 2024","Tue May 21 22:20:59 GMT 2024","1","tests.unit.backend.layers.utils","test_type_conversion_utils","","","","test_type_inference[parameters8]",""
"passed","Tue May 21 22:20:58 GMT 2024","Tue May 21 22:20:58 GMT 2024","51","tests.unit.backend.layers.utils","test_secret_config","TestSecretConfig","","","test_custom_secret_name",""
"passed","Tue May 21 22:20:50 GMT 2024","Tue May 21 22:20:50 GMT 2024","1","tests.unit.backend.layers.common","test_validation","","","","test_invalid_email[email@place.]",""
"passed","Tue May 21 22:20:49 GMT 2024","Tue May 21 22:20:49 GMT 2024","6","tests.unit.backend.layers.business","test_business","TestUpdateCollectionDatasets","","","test_remove_dataset_from_unpublished_collection_ok","
        A dataset can be removed from a collection version using `delete_dataset`. This should delete the dataset.
        "
"passed","Tue May 21 22:21:27 GMT 2024","Tue May 21 22:21:27 GMT 2024","0","tests.unit.processing.schema_migration","test_gather_collections","TestGatherCollections","","","test_with_private",""
"passed","Tue May 21 22:22:09 GMT 2024","Tue May 21 22:22:09 GMT 2024","4","tests.unit.processing","test_process_download","TestProcessDownload","","","test_download_from_dropbox_uri","
        Call process download using a dropbox uri
        "
"passed","Tue May 21 22:20:50 GMT 2024","Tue May 21 22:20:50 GMT 2024","0","tests.unit.backend.layers.common","test_validation","","","","test__link__INVALID[doi-google]",""
"passed","Tue May 21 22:20:47 GMT 2024","Tue May 21 22:20:47 GMT 2024","2","tests.unit.backend.layers.api","test_curation_api","TestPutLink","","","test__existing_from_link__OK","
        Calling PUT /datasets/:dataset_id on an existing dataset_id should succeed if a valid link is uploaded by the
        owner of the collection or a super curator
        "
"passed","Tue May 21 22:20:45 GMT 2024","Tue May 21 22:20:51 GMT 2024","6134","tests.unit.backend.wmg.api","test_v2","WmgApiV2Tests","","","test__markers_returns_200_and_correct_response",""
"passed","Tue May 21 22:20:49 GMT 2024","Tue May 21 22:20:49 GMT 2024","4","tests.unit.backend.layers.auth","test_auth_keys","TestKeys","","","test__delete_key__404",""
"passed","Tue May 21 22:20:48 GMT 2024","Tue May 21 22:20:48 GMT 2024","3","tests.unit.backend.layers.api","test_portal_api","TestCollection","","","test__post_collection_rejects_two_dois",""
"passed","Tue May 21 22:20:49 GMT 2024","Tue May 21 22:20:49 GMT 2024","9","tests.unit.backend.layers.api","test_portal_api","TestCollectionPutUploadLink","","","test__reupload_public_dataset__403","cannot reupload a public published dataset"
"passed","Tue May 21 22:20:58 GMT 2024","Tue May 21 22:20:58 GMT 2024","266","tests.unit.backend.layers.utils","test_color_conversion_utils","TestColorConversionUtils","","","test_term_vs_label_colors",""
"passed","Tue May 21 22:20:48 GMT 2024","Tue May 21 22:20:48 GMT 2024","5","tests.unit.backend.layers.api","test_portal_api","TestCollection","","","test__post_collection_ignores_metadata_if_crossref_exception",""
"passed","Tue May 21 22:20:50 GMT 2024","Tue May 21 22:20:50 GMT 2024","20","tests.unit.backend.layers.business","test_business","TestDeleteDataset","","","test_delete_new_dataset_in_revision__ok",""
"passed","Tue May 21 22:20:59 GMT 2024","Tue May 21 22:20:59 GMT 2024","0","tests.unit.backend.layers.utils","test_type_conversion_utils","","","","test_type_inference[parameters33]",""
"passed","Tue May 21 22:20:49 GMT 2024","Tue May 21 22:20:49 GMT 2024","5","tests.unit.backend.layers.business","test_business","TestUpdateCollection","","","test_update_collection_ok","
        A collection version should be updated when using `update_collection`
        "
"passed","Tue May 21 22:21:27 GMT 2024","Tue May 21 22:21:27 GMT 2024","4","tests.unit.processing.schema_migration","test_publish_and_cleanup","TestPublishAndCleanup","","","test_with_errors",""
"passed","Tue May 21 22:20:44 GMT 2024","Tue May 21 22:20:44 GMT 2024","4","tests.unit.backend.layers.api","test_curation_api","TestGetCollections","","","test__get_collections_with_auth__OK_6","revision_of contains None if the collection is unpublished"
"passed","Tue May 21 22:20:50 GMT 2024","Tue May 21 22:20:50 GMT 2024","7","tests.unit.backend.layers.business","test_business","TestGetDataset","","","test_get_dataset_artifacts_ok","
        Artifacts belonging to a dataset can be obtained with `get_dataset_artifacts`
        "
"passed","Tue May 21 22:20:50 GMT 2024","Tue May 21 22:20:50 GMT 2024","0","tests.unit.backend.layers.common","test_validation","","","","test_invalid_characters_in_field[text\x1f]",""
"passed","Tue May 21 22:20:50 GMT 2024","Tue May 21 22:20:50 GMT 2024","0","tests.unit.backend.layers.common","test_validation","","","","test_invalid_email[email@.com]",""
"passed","Tue May 21 22:20:59 GMT 2024","Tue May 21 22:20:59 GMT 2024","0","tests.unit.backend.layers.utils","test_type_conversion_utils","","","","test_type_inference[parameters54]",""
"passed","Tue May 21 22:20:59 GMT 2024","Tue May 21 22:20:59 GMT 2024","0","tests.unit.backend.layers.utils","test_type_conversion_utils","","","","test_type_inference[parameters17]",""
"passed","Tue May 21 22:20:50 GMT 2024","Tue May 21 22:20:50 GMT 2024","2","tests.unit.backend.layers.business","test_business","TestDatasetArtifactMetadataUpdates","","","test_generate_dataset_citation",""
"passed","Tue May 21 22:20:59 GMT 2024","Tue May 21 22:20:59 GMT 2024","46","tests.unit.backend.layers.utils","test_secret_config","TestSecretConfig","","","test_when_item_is_in_config_but_not_in_env_and_use_env_is_set_we_use_config",""
"passed","Tue May 21 22:20:50 GMT 2024","Tue May 21 22:20:50 GMT 2024","16","tests.unit.backend.layers.business","test_business","TestCollectionOperations","","","test_dataset_published_at_with_replaced_dataset_ok","
        When publishing a collection that contains a replaced dataset,
        `published_at` for the replaced dataset should not be updated
        "
"passed","Tue May 21 22:21:29 GMT 2024","Tue May 21 22:21:29 GMT 2024","139","tests.unit.processing","test_h5ad_data_file","TestH5ADDataFile","","","test__to_cxg__simple_anndata_no_corpora_and_sparse",""
"passed","Tue May 21 22:21:00 GMT 2024","Tue May 21 22:21:00 GMT 2024","6","tests.unit.backend.layers.utils","test_uri","TestS3URI","","","test__validate_with_valid_s3_uri__ok",""
"passed","Tue May 21 22:20:49 GMT 2024","Tue May 21 22:20:49 GMT 2024","3","tests.unit.backend.layers.business","test_business","TestGetCollectionVersion","","","test_get_published_collection_version_for_published_collection_is_none","
        An unpublished collection should not be obtained using get_collection
        Instead, `get_collection_version` should be used
        "
"passed","Tue May 21 22:20:59 GMT 2024","Tue May 21 22:20:59 GMT 2024","1","tests.unit.backend.layers.utils","test_type_conversion_utils","","","","test_type_inference[parameters34]",""
"passed","Tue May 21 22:19:37 GMT 2024","Tue May 21 22:19:44 GMT 2024","6527","tests.unit.backend.cellguide.pipeline","test_canonical_marker_genes","CanonicalMarkerGeneCompilerTests","","","test__canonical_marker_genes",""
"passed","Tue May 21 22:20:50 GMT 2024","Tue May 21 22:20:50 GMT 2024","0","tests.unit.backend.layers.common","test_validation","","","","test_invalid_email[email@.]",""
"passed","Tue May 21 22:21:10 GMT 2024","Tue May 21 22:21:13 GMT 2024","3538","tests.unit.wmg_processing","test_expression_summary_and_cell_counts_diffexp","ExpressionSummaryDiffexpTests","","","test_expression_summary_diffexp",""
"passed","Tue May 21 22:20:49 GMT 2024","Tue May 21 22:20:49 GMT 2024","14","tests.unit.backend.layers.api","test_portal_api","TestPublishRevision","","","test__publish_revision_data_submission_policy_version__OK","
        Checks data submission policy is correctly saved on publish of a revision.
        "
"passed","Tue May 21 22:19:44 GMT 2024","Tue May 21 22:19:44 GMT 2024","1","tests.unit.backend.cellguide.pipeline","test_canonical_marker_genes","CanonicalMarkerGeneCompilerUtilsTests","","","test__clean_doi",""
"passed","Tue May 21 22:20:44 GMT 2024","Tue May 21 22:20:44 GMT 2024","28","tests.unit.backend.layers.api","test_curation_api","TestS3Credentials","","","test__generate_s3_credentials__OK",""
"passed","Tue May 21 22:22:10 GMT 2024","Tue May 21 22:22:10 GMT 2024","5","tests.unit.processing","test_processing","ProcessingTest","","","test_process_seurat_success",""
"passed","Tue May 21 22:20:45 GMT 2024","Tue May 21 22:20:46 GMT 2024","70","tests.unit.backend.layers.api","test_curation_api","TestGetDatasets","","","test_get_private_datasets_200","
        Tests /curation/v1/datasets endpoint with different credentials and visibility filters.

        Test data setup:
        - published_collection_1: 2 datasets
        - published_collection_2: 1 dataset, other owner
        - published_collection_3: 1 dataset, previously revised and published
        - unpublished_collection_1: 3 datasets
        - unpublished_collection_2: 2 datasets, other owner
        - published_collection_1_revision: 3 datasets (one new, one modified)

        "
"passed","Tue May 21 22:20:48 GMT 2024","Tue May 21 22:20:48 GMT 2024","17","tests.unit.backend.layers.api","test_portal_api","TestCollection","","","test__list_collection__check_owner__no_auth",""
"passed","Tue May 21 22:20:50 GMT 2024","Tue May 21 22:20:50 GMT 2024","40","tests.unit.backend.layers.business","test_business","TestGetDataset","","","test_get_prior_published_dataset_version","
        Given a dataset version id, return the DatasetVersion IF its been part of a published CollectionVersion
        "
"passed","Tue May 21 22:20:59 GMT 2024","Tue May 21 22:20:59 GMT 2024","0","tests.unit.backend.layers.utils","test_semvar_utils","TestSemvarUtils","","","test__prerelease_properly_formatted_semvar__returns_true",""
"passed","Tue May 21 22:21:00 GMT 2024","Tue May 21 22:21:00 GMT 2024","0","tests.unit.backend.wmg.data","test_snapshot","","","","test_get_wmg_snapshot_rel_path",""
"passed","Tue May 21 22:20:47 GMT 2024","Tue May 21 22:20:47 GMT 2024","3","tests.unit.backend.layers.api","test_gene_info","GeneInfoAPIv1Tests","","","test_gene_info_with_id_and_name","
        Successfully calls NCBIProvider fetch and search functions with both ID and name params
        "
"passed","Tue May 21 22:20:50 GMT 2024","Tue May 21 22:20:50 GMT 2024","0","tests.unit.backend.layers.common","test_validation","","","","test__link__OK[other-http://somewhere.org/path/?abcd=123]",""
"passed","Tue May 21 22:21:28 GMT 2024","Tue May 21 22:21:28 GMT 2024","1","tests.unit.processing","test_extract_metadata","TestProcessingValidate","","","test_get_spatial_metadata__is_single_true_and_no_library_id",""
"passed","Tue May 21 22:20:49 GMT 2024","Tue May 21 22:20:49 GMT 2024","10","tests.unit.backend.layers.business","test_business","TestSetCollectionVersionDatasetsOrder","","","test_set_collection_version_datasets_order_ok","
        The order of the datasets in a collection version is set using `set_collection_version_datasets_order`.
        "
"passed","Tue May 21 22:22:10 GMT 2024","Tue May 21 22:22:10 GMT 2024","2","tests.unit.processing","test_spatial_assets_utils","","","","test__generate_deep_zoom_assets","
    Test the method to generate deep zoom assets
    "
"passed","Tue May 21 22:20:47 GMT 2024","Tue May 21 22:20:47 GMT 2024","8","tests.unit.backend.layers.api","test_curation_api","TestPostRevision","","","test__post_revision_by_collection_version_id_403",""
"passed","Tue May 21 22:20:25 GMT 2024","Tue May 21 22:20:25 GMT 2024","4","tests.unit.wmg_processing","test_cube_pipeline","TestCubePipe","","","test_exception_handle_catches_errors",""
"passed","Tue May 21 22:20:50 GMT 2024","Tue May 21 22:20:50 GMT 2024","3","tests.unit.backend.layers.business","test_business","TestUpdateDataset","","","test_update_dataset_status_validation_message_ok","
        The dataset validation message can be updated using `update_dataset_status`
        "
"passed","Tue May 21 22:20:51 GMT 2024","Tue May 21 22:20:51 GMT 2024","1","tests.unit.backend.layers.utils","test_api_key","TestAPIKey","","","test_generate",""
"passed","Tue May 21 22:20:48 GMT 2024","Tue May 21 22:20:48 GMT 2024","7","tests.unit.backend.layers.api","test_portal_api","TestDatasetCurators","","","test__cancel_dataset_download__202_user_not_collection_owner_as_super_curator",""
"passed","Tue May 21 22:20:48 GMT 2024","Tue May 21 22:20:48 GMT 2024","5","tests.unit.backend.layers.api","test_portal_api","TestUpdateCollection","","","test__remove_all_collection_consortia",""
"passed","Tue May 21 22:20:44 GMT 2024","Tue May 21 22:20:44 GMT 2024","13","tests.unit.backend.layers.api","test_curation_api","TestGetCollections","","","test__verify_expected_revision_collection_fields",""
"passed","Tue May 21 22:20:59 GMT 2024","Tue May 21 22:20:59 GMT 2024","1","tests.unit.backend.layers.utils","test_type_conversion_utils","","","","test_type_inference[parameters14]",""
"passed","Tue May 21 22:20:44 GMT 2024","Tue May 21 22:20:44 GMT 2024","12","tests.unit.backend.layers.api","test_curation_api","TestGetCollectionID","","","test__get_tombstoned_collection__410",""
"passed","Tue May 21 22:20:59 GMT 2024","Tue May 21 22:20:59 GMT 2024","0","tests.unit.backend.layers.utils","test_type_conversion_utils","","","","test_type_inference[parameters7]",""
"passed","Tue May 21 22:20:45 GMT 2024","Tue May 21 22:20:45 GMT 2024","9","tests.unit.backend.layers.api","test_curation_api","TestPatchCollectionID","","","test__update_public_collection_owner__405",""
"passed","Tue May 21 22:20:48 GMT 2024","Tue May 21 22:20:48 GMT 2024","4","tests.unit.backend.layers.api","test_portal_api","TestUpdateCollection","","","test__set_collection_version_datasets_order_missing_datasets__400",""
"passed","Tue May 21 22:20:59 GMT 2024","Tue May 21 22:20:59 GMT 2024","1","tests.unit.backend.layers.utils","test_type_conversion_utils","","","","test_type_inference[parameters4]",""
"passed","Tue May 21 22:20:49 GMT 2024","Tue May 21 22:20:49 GMT 2024","13","tests.unit.backend.layers.business","test_business","TestSetCollectionVersionDatasetsOrder","","","test_set_collection_version_datasets_order_replace_dataset_ok","
        Replacing a dataset in a collection version does not alter the custom order of the datasets.
        "
"passed","Tue May 21 22:20:49 GMT 2024","Tue May 21 22:20:49 GMT 2024","21","tests.unit.backend.layers.business","test_business","TestUpdateCollection","","","test_update_published_collection_fail__dataset_status_pending","
        Updating a collection version with a DOI change IF there is a dataset in non-finalized status should fail
        "
"passed","Tue May 21 22:20:50 GMT 2024","Tue May 21 22:20:50 GMT 2024","1","tests.unit.backend.layers.business","test_business","TestDeleteDataset","","","test_delete_artifacts_delete_no_artifacts",""
"passed","Tue May 21 22:20:49 GMT 2024","Tue May 21 22:20:49 GMT 2024","19","tests.unit.backend.layers.api","test_portal_api","TestPublishRevision","","","test__publish_revision_with_removed_datasets__OK","
        Publish a revision with delete datasets.
        "
"passed","Tue May 21 22:20:49 GMT 2024","Tue May 21 22:20:49 GMT 2024","8","tests.unit.backend.layers.business","test_business","TestUpdateCollectionDatasets","","","test_create_empty_dataset_version_for_current_dataset__error_if_published",""
"passed","Tue May 21 22:21:28 GMT 2024","Tue May 21 22:21:28 GMT 2024","1","tests.unit.processing","test_extract_metadata","TestProcessingValidate","","","test_get_spatial_metadata__is_single_false",""
"passed","Tue May 21 22:20:59 GMT 2024","Tue May 21 22:20:59 GMT 2024","1","tests.unit.backend.layers.utils","test_type_conversion_utils","","","","test_type_inference[parameters101]",""
"passed","Tue May 21 22:20:48 GMT 2024","Tue May 21 22:20:48 GMT 2024","5","tests.unit.backend.layers.api","test_portal_api","TestCollectionDeletion","","","test_delete_collection_version__already_deleted__403",""
"passed","Tue May 21 22:20:44 GMT 2024","Tue May 21 22:20:44 GMT 2024","9","tests.unit.backend.layers.api","test_curation_api","TestGetCollections","","","test__collection_level_processing_status__INITIALIZED_as_PENDING",""
"passed","Tue May 21 22:22:10 GMT 2024","Tue May 21 22:22:10 GMT 2024","0","tests.unit.processing","test_spatial_assets_utils","","","","test__crop_to_aspect_ratio[100-55]","
    Test the cropping method to ensure the image is cropped to a square
    "
"passed","Tue May 21 22:20:59 GMT 2024","Tue May 21 22:20:59 GMT 2024","1","tests.unit.backend.layers.utils","test_type_conversion_utils","","","","test_type_inference[parameters106]",""
"passed","Tue May 21 22:21:27 GMT 2024","Tue May 21 22:21:27 GMT 2024","1","tests.unit.processing.schema_migration","test_gather_collections","TestGatherCollections","","","test_with_auto_publish_false",""
"passed","Tue May 21 22:20:47 GMT 2024","Tue May 21 22:20:47 GMT 2024","4","tests.unit.backend.layers.api","test_curation_api","TestAuthToken","","","test__post_token__401",""
"passed","Tue May 21 22:21:28 GMT 2024","Tue May 21 22:21:28 GMT 2024","25","tests.unit.processing","test_h5ad_data_file","TestH5ADDataFile","","","test__create_h5ad_data_file__copies_index_of_obs_and_var_to_column",""
"passed","Tue May 21 22:20:44 GMT 2024","Tue May 21 22:20:44 GMT 2024","0","tests.unit.backend.wmg.api.common","test_wmg_api_helpers","","","","test_sanitize_api_query_dict[input_query1-expected_sanitized_query1]",""
"passed","Tue May 21 22:20:43 GMT 2024","Tue May 21 22:20:44 GMT 2024","315","tests.unit.backend.wmg.api.common","test_expression_dotplot","ExpressionDotPlotTest","","","test__query_non_indexed_dim_single_and_multi_valued__returns_correct_result",""
"passed","Tue May 21 22:20:49 GMT 2024","Tue May 21 22:20:49 GMT 2024","6","tests.unit.backend.layers.business","test_business","TestUpdateCollectionDatasets","","","test_replace_dataset_in_wrong_status_fail","
        Calling `ingest_dataset` and specifying an existing dataset should fail if the dataset is not in the
        final status
        "
"passed","Tue May 21 22:20:59 GMT 2024","Tue May 21 22:20:59 GMT 2024","1","tests.unit.backend.layers.utils","test_type_conversion_utils","","","","test_type_inference[parameters28]",""
"passed","Tue May 21 22:20:59 GMT 2024","Tue May 21 22:20:59 GMT 2024","1","tests.unit.backend.layers.utils","test_type_conversion_utils","","","","test_type_inference[parameters44]",""
"passed","Tue May 21 22:20:50 GMT 2024","Tue May 21 22:20:50 GMT 2024","10","tests.unit.backend.layers.business","test_business","TestDatasetArtifactMetadataUpdates","","","test_trigger_dataset_artifact_update__with_new_dataset_version_id",""
"passed","Tue May 21 22:20:58 GMT 2024","Tue May 21 22:20:58 GMT 2024","50","tests.unit.backend.layers.utils","test_aws_secret","TestAwsSecret","","","test_value_of_existing_secret_returns_value",""
"passed","Tue May 21 22:21:29 GMT 2024","Tue May 21 22:21:29 GMT 2024","123","tests.unit.processing","test_h5ad_data_file","TestH5ADDataFile","","","test__to_cxg__simple_anndata_with_corpora_and_dense",""
"passed","Tue May 21 22:20:49 GMT 2024","Tue May 21 22:20:49 GMT 2024","8","tests.unit.backend.layers.business","test_business","TestUpdateCollectionDatasets","","","test_replace_dataset_in_unpublished_collection_ok","
        A dataset can be replaced from a collection version by calling `ingest_dataset`
        and specifying an existing dataset_version_id
        "
"passed","Tue May 21 22:20:48 GMT 2024","Tue May 21 22:20:48 GMT 2024","4","tests.unit.backend.layers.api","test_portal_api","TestCollection","","","test__post_collection_adds_publisher_metadata",""
"passed","Tue May 21 22:20:49 GMT 2024","Tue May 21 22:20:49 GMT 2024","5","tests.unit.backend.layers.api","test_portal_api","TestCollectionPostUploadLink","","","test__link_no_auth__401",""
"passed","Tue May 21 22:20:48 GMT 2024","Tue May 21 22:20:48 GMT 2024","39","tests.unit.backend.layers.api","test_portal_api","TestCollection","","","test__get_collection__ok",""
"passed","Tue May 21 22:20:50 GMT 2024","Tue May 21 22:20:51 GMT 2024","20","tests.unit.backend.layers.thirdparty","test_crossref_provider","TestCrossrefProvider","","","test__provider_does_not_call_crossref_in_test",""
"passed","Tue May 21 22:20:51 GMT 2024","Tue May 21 22:20:51 GMT 2024","2","tests.unit.backend.layers.thirdparty","test_crossref_provider","TestCrossrefProvider","","","test__provider_unescapes_journal_correctly",""
"passed","Tue May 21 22:20:46 GMT 2024","Tue May 21 22:20:46 GMT 2024","25","tests.unit.backend.layers.api","test_curation_api","TestGetDatasetVersion","","","test_get_dataset_version_ok",""
"passed","Tue May 21 22:20:49 GMT 2024","Tue May 21 22:20:49 GMT 2024","6","tests.unit.backend.layers.api","test_portal_api","TestCollectionPutUploadLink","","","test__reupload_dataset_not_owner__403",""
"passed","Tue May 21 22:20:59 GMT 2024","Tue May 21 22:20:59 GMT 2024","1","tests.unit.backend.layers.utils","test_type_conversion_utils","","","","test_type_inference[parameters94]",""
"passed","Tue May 21 22:20:58 GMT 2024","Tue May 21 22:20:58 GMT 2024","0","tests.unit.backend.layers.utils","test_json","TestCustomJSONEncoder","","","test_datetime",""
"passed","Tue May 21 22:20:48 GMT 2024","Tue May 21 22:20:48 GMT 2024","5","tests.unit.backend.layers.api","test_portal_api","TestCollectionsCurators","","","test_delete_non_owned_private_collection_as_super_curator__ok",""
"passed","Tue May 21 22:20:50 GMT 2024","Tue May 21 22:20:50 GMT 2024","1","tests.unit.backend.layers.common","test_validation","","","","test__link__INVALID[data_source-google]",""
"passed","Tue May 21 22:20:49 GMT 2024","Tue May 21 22:20:49 GMT 2024","11","tests.unit.backend.layers.business","test_business","TestGetAllCollections","","","test_get_all_collections_with_owner_ok","
        Only collection versions with the specified owner should be returned, including both published and unpublished
        "
"passed","Tue May 21 22:20:42 GMT 2024","Tue May 21 22:20:43 GMT 2024","329","tests.unit.backend.wmg.api.common","test_expression_dotplot","ExpressionDotPlotTest","","","test__query_all_indexed_dims_multi_valued__returns_correct_result",""
"passed","Tue May 21 22:20:45 GMT 2024","Tue May 21 22:20:45 GMT 2024","3","tests.unit.backend.layers.api","test_curation_api","TestPatchCollectionID","","","test__update_collection_by_version_id__403",""
"passed","Tue May 21 22:20:50 GMT 2024","Tue May 21 22:20:50 GMT 2024","13","tests.unit.backend.layers.business","test_business","TestCollectionOperations","","","test_create_collection_version_fails_if_other_versions","
        A collection version can only be created if there are no other unpublished versions
        for that specific canonical collection
        "
"passed","Tue May 21 22:21:27 GMT 2024","Tue May 21 22:21:27 GMT 2024","23","tests.unit.processing","test_cxg_generation_utils","TestCxgGenerationUtils","","","test__convert_dataframe_to_cxg_array__writes_successfully",""
"passed","Tue May 21 22:20:59 GMT 2024","Tue May 21 22:21:00 GMT 2024","169","tests.unit.backend.layers.utils","test_uri","TestS3URI","","","test__file_info__returns_file_size",""
"passed","Tue May 21 22:21:27 GMT 2024","Tue May 21 22:21:27 GMT 2024","3","tests.unit.processing","test_dataset_metadata_update","TestValidArtifactStatuses","","","test_has_valid_artifact_statuses__invalid_cxg_status_0",""
"passed","Tue May 21 22:22:10 GMT 2024","Tue May 21 22:22:10 GMT 2024","1","tests.unit.processing","test_spatial_assets_utils","","","","test__crop_to_aspect_ratio[200-150]","
    Test the cropping method to ensure the image is cropped to a square
    "
"passed","Tue May 21 22:20:59 GMT 2024","Tue May 21 22:20:59 GMT 2024","0","tests.unit.backend.layers.utils","test_type_conversion_utils","","","","test_type_inference[parameters43]",""
"passed","Tue May 21 22:20:48 GMT 2024","Tue May 21 22:20:48 GMT 2024","18","tests.unit.backend.layers.api","test_portal_api","TestUpdateCollection","","","test__set_collection_version_datasets_get_order_custom_sort__OK",""
"passed","Tue May 21 22:20:59 GMT 2024","Tue May 21 22:20:59 GMT 2024","0","tests.unit.backend.layers.utils","test_type_conversion_utils","","","","test_type_inference[parameters62]",""
"passed","Tue May 21 22:20:50 GMT 2024","Tue May 21 22:20:50 GMT 2024","0","tests.unit.backend.layers.common","test_validation","","","","test__link__OK[lab_website-http://somewhere.org/path/?abcd=123]",""
"passed","Tue May 21 22:20:49 GMT 2024","Tue May 21 22:20:49 GMT 2024","5","tests.unit.backend.layers.api","test_portal_api","TestCollectionPostUploadLink","","","test__oversized__413",""
"passed","Tue May 21 22:20:48 GMT 2024","Tue May 21 22:20:48 GMT 2024","4","tests.unit.backend.layers.api","test_portal_api","TestCollection","","","test__get_all_user_collections_for_index_requires_auth",""
"passed","Tue May 21 22:21:29 GMT 2024","Tue May 21 22:21:29 GMT 2024","0","tests.unit.processing","test_handle_error","","","","test_parse_event_without_error_cause",""
"passed","Tue May 21 22:20:48 GMT 2024","Tue May 21 22:20:48 GMT 2024","10","tests.unit.backend.layers.api","test_portal_api","TestCollection","","","test__get_collection_id_retrieves_published_version_by_collection_id","
        GET /collections/:collection_id retrieves the published version given a canonical collection_id
        "
"passed","Tue May 21 22:20:44 GMT 2024","Tue May 21 22:20:44 GMT 2024","13","tests.unit.backend.layers.api","test_curation_api","TestGetCollections","","","test__get_only_private_collections_with_auth__OK",""
"passed","Tue May 21 22:21:27 GMT 2024","Tue May 21 22:21:27 GMT 2024","5","tests.unit.processing","test_dataset_metadata_update","TestUpdateMetadataHandler","","","test_update_metadata__new_dataset_version_bad_processing_status",""
"passed","Tue May 21 22:20:58 GMT 2024","Tue May 21 22:20:58 GMT 2024","1","tests.unit.backend.layers.utils","test_matrix_utils","TestMatrixUtils","","","test__is_matrix_sparse__giant_matrix_returns_false_early",""
"passed","Tue May 21 22:20:58 GMT 2024","Tue May 21 22:20:58 GMT 2024","0","tests.unit.backend.layers.utils","test_json","TestCustomJSONEncoder","","","test_unsupported_type",""
"passed","Tue May 21 22:21:27 GMT 2024","Tue May 21 22:21:27 GMT 2024","1","tests.unit.processing.schema_migration","test_publish_revisions","TestPublishRevisions","","","test_run_neg","Run method when check_datasets returns errors."
"passed","Tue May 21 22:20:59 GMT 2024","Tue May 21 22:20:59 GMT 2024","0","tests.unit.backend.layers.utils","test_type_conversion_utils","","","","test_type_inference[parameters35]",""
"passed","Tue May 21 22:20:48 GMT 2024","Tue May 21 22:20:48 GMT 2024","11","tests.unit.backend.layers.api","test_portal_api","TestDataset","","","test__dataset_meta__ok",""
"passed","Tue May 21 22:20:59 GMT 2024","Tue May 21 22:20:59 GMT 2024","1","tests.unit.backend.layers.utils","test_type_conversion_utils","","","","test_type_inference[parameters56]",""
"passed","Tue May 21 22:20:48 GMT 2024","Tue May 21 22:20:48 GMT 2024","5","tests.unit.backend.layers.api","test_portal_api","TestCollectionsCurators","","","test_view_non_owned_private_collection__ok",""
"passed","Tue May 21 22:20:48 GMT 2024","Tue May 21 22:20:48 GMT 2024","4","tests.unit.backend.layers.api","test_portal_api","TestDataset","","","test__cancel_dataset_download__dataset_does_not_exist",""
"passed","Tue May 21 22:20:51 GMT 2024","Tue May 21 22:20:51 GMT 2024","2","tests.unit.backend.layers.thirdparty","test_crossref_provider","TestCrossrefProvider","","","test__provider_throws_exception_if_request_fails_with_non_2xx_code","
        Asserts a CrossrefFetchException if the GET request return a 500 error (any non 2xx will work)
        "
"passed","Tue May 21 22:20:50 GMT 2024","Tue May 21 22:20:50 GMT 2024","4","tests.unit.backend.layers.business","test_business","TestUpdateDataset","","","test_set_dataset_metadata_ok","
        The dataset metadata can be set using `set_dataset_metadata`
        "
"passed","Tue May 21 22:20:48 GMT 2024","Tue May 21 22:20:48 GMT 2024","4","tests.unit.backend.layers.api","test_portal_api","TestCollection","","","test__get_collection_id_retrieves_unpublished_version","
        If a collection is unpublished, GET /collections/:collection_id retrieves the unpublished version
        when passed the canonical collection_id
        "
"passed","Tue May 21 22:20:47 GMT 2024","Tue May 21 22:20:47 GMT 2024","3","tests.unit.backend.layers.api","test_curation_api","TestAuthToken","","","test__post_token__404",""
"passed","Tue May 21 22:20:50 GMT 2024","Tue May 21 22:20:50 GMT 2024","20","tests.unit.backend.layers.business","test_business","TestGetDataset","","","test_get_dataset_version_from_canonical","
        Get currently published dataset version using canonical dataset ID, or most recent active unpublished dataset
        if none are published.
        "
"passed","Tue May 21 22:20:59 GMT 2024","Tue May 21 22:20:59 GMT 2024","0","tests.unit.backend.layers.utils","test_type_conversion_utils","","","","test_type_inference[parameters105]",""
"passed","Tue May 21 22:20:58 GMT 2024","Tue May 21 22:20:58 GMT 2024","0","tests.unit.backend.layers.utils","test_json","TestCustomJSONEncoder","","","test_illegal_characters",""
"passed","Tue May 21 22:20:51 GMT 2024","Tue May 21 22:20:51 GMT 2024","1","tests.unit.backend.layers.thirdparty","test_s3_provider","TestS3Provider","","","test__object_deletion",""
"passed","Tue May 21 22:20:57 GMT 2024","Tue May 21 22:20:57 GMT 2024","2","tests.unit.backend.wmg.api","test_v2","WmgApiV2Tests","","","test__query_missing_organism__request_returns_400",""
"passed","Tue May 21 22:20:48 GMT 2024","Tue May 21 22:20:48 GMT 2024","23","tests.unit.backend.layers.api","test_portal_api","TestCollection","","","test__get_all_user_collections_for_index","
        The `my-collections/index` endpoint should return all public collections and the private
        collections the user has WRITE access to. Curators can see all public collectoins and private collections where
        they are the owner. Super Curators can see all public and private collections.
        "
"passed","Tue May 21 22:20:50 GMT 2024","Tue May 21 22:20:50 GMT 2024","0","tests.unit.backend.layers.common","test_validation","","","","test__link__INVALID[data_source-google.com]",""
"passed","Tue May 21 22:20:45 GMT 2024","Tue May 21 22:20:45 GMT 2024","7","tests.unit.backend.layers.api","test_curation_api","TestPatchCollectionID","","","test__remove_collection__consortia__OK",""
"passed","Tue May 21 22:20:47 GMT 2024","Tue May 21 22:20:47 GMT 2024","3","tests.unit.backend.layers.api","test_curation_api","TestPostDataset","","","test_post_datasets_with_collection_201",""
"passed","Tue May 21 22:20:44 GMT 2024","Tue May 21 22:20:44 GMT 2024","13","tests.unit.backend.layers.api","test_curation_api","TestGetCollections","","","test__get_collections_with_auth__OK_4","revision_of contains the id to their published counterpart"
"passed","Tue May 21 22:20:59 GMT 2024","Tue May 21 22:20:59 GMT 2024","0","tests.unit.backend.layers.utils","test_type_conversion_utils","","","","test_type_inference[parameters53]",""
"passed","Tue May 21 22:20:49 GMT 2024","Tue May 21 22:20:49 GMT 2024","8","tests.unit.backend.layers.business","test_business","TestUpdateCollectionDatasets","","","test_remove_dataset_from_published_collection_fail","
        Removing a dataset from a published collection should fail
        "
"passed","Tue May 21 22:22:09 GMT 2024","Tue May 21 22:22:09 GMT 2024","2","tests.unit.processing","test_handle_error","TestCleanupArtifacts","","","test_cleanup_artifacts__elete_many_from_s3_error","Check that delete_many_from_s3 errors are logged but do not raise exceptions."
"skipped","Tue May 21 22:20:25 GMT 2024","Tue May 21 22:20:25 GMT 2024","0","tests.unit.wmg_processing","test_cube_pipeline","TestCubePipe","","","test_pipeline_creates_files","
        Test the pipeline successfully copies from mock s3, loads corpus and correctly builds cube/cell_ordering files
        and correctly uploads files to mock s3
        "
"passed","Tue May 21 22:20:44 GMT 2024","Tue May 21 22:20:44 GMT 2024","4","tests.unit.backend.layers.api","test_curation_api","TestGetCollections","","","test__get_collections_no_auth_visibility_private__403",""
"passed","Tue May 21 22:21:27 GMT 2024","Tue May 21 22:21:27 GMT 2024","2","tests.unit.processing.schema_migration","test_publish_and_cleanup","TestPublishAndCleanup","","","test_can_not_publish",""
"passed","Tue May 21 22:20:44 GMT 2024","Tue May 21 22:20:44 GMT 2024","13","tests.unit.backend.layers.api","test_curation_api","TestGetCollections","","","test__get_collections_with_auth__OK_3","The 'revising_in' attribute is equal to the id of the revision Collection"
"passed","Tue May 21 22:20:48 GMT 2024","Tue May 21 22:20:48 GMT 2024","8","tests.unit.backend.layers.api","test_portal_api","TestCollection","","","test__create_collection_strip_string_fields",""
"passed","Tue May 21 22:20:31 GMT 2024","Tue May 21 22:20:31 GMT 2024","0","tests.unit.scripts","test_zenhub_close","TestFilterIssues","","","test_positive",""
"passed","Tue May 21 22:20:48 GMT 2024","Tue May 21 22:20:48 GMT 2024","5","tests.unit.backend.layers.api","test_portal_api","TestDataset","","","test__get_dataset_asset__dataset_NOT_FOUND",""
"passed","Tue May 21 22:20:59 GMT 2024","Tue May 21 22:20:59 GMT 2024","1","tests.unit.backend.layers.utils","test_type_conversion_utils","","","","test_type_inference[parameters22]",""
"passed","Tue May 21 22:21:28 GMT 2024","Tue May 21 22:21:28 GMT 2024","23","tests.unit.processing","test_h5ad_data_file","TestH5ADDataFile","","","test__create_h5ad_data_file__reads_anndata_successfully",""
"passed","Tue May 21 22:20:45 GMT 2024","Tue May 21 22:20:45 GMT 2024","34","tests.unit.backend.layers.api","test_curation_api","TestDeleteDataset","","","test__delete_published_dataset__405","
        A Dataset that has been published cannot be deleted via the API
        "
"passed","Tue May 21 22:21:29 GMT 2024","Tue May 21 22:21:29 GMT 2024","0","tests.unit.processing","test_handle_error","","","","test_parse_event_with_error_cause",""
"passed","Tue May 21 22:20:48 GMT 2024","Tue May 21 22:20:48 GMT 2024","5","tests.unit.backend.layers.api","test_portal_api","TestCollection","","","test__post_collection_fails_with_extra_fields",""
"passed","Tue May 21 22:20:50 GMT 2024","Tue May 21 22:20:50 GMT 2024","1","tests.unit.backend.layers.business","test_business","TestCollectionOperations","","","test_publish_collection_with_no_datasets_fail","
        Publishing a collection version with no datasets should fail
        "
"passed","Tue May 21 22:20:45 GMT 2024","Tue May 21 22:20:45 GMT 2024","35","tests.unit.backend.layers.api","test_curation_api","TestDeleteDataset","","","test__delete_published_dataset_cxg_admin","
        cxg_admin role can delete published Datasets during revisions using query_param flag 'delete_published=true'
        "
"passed","Tue May 21 22:21:29 GMT 2024","Tue May 21 22:21:29 GMT 2024","95","tests.unit.processing","test_h5ad_data_file","TestH5ADDataFile","","","test__to_cxg__simple_anndata_with_different_var_index_than_h5ad",""
"passed","Tue May 21 22:20:49 GMT 2024","Tue May 21 22:20:49 GMT 2024","1","tests.unit.backend.layers.business","test_business","TestCreateCollection","","","test_create_collection_with_links_ok","
        A collection with links can be created using `create_collection`
        "
"passed","Tue May 21 22:20:59 GMT 2024","Tue May 21 22:20:59 GMT 2024","1","tests.unit.backend.layers.utils","test_type_conversion_utils","","","","test_type_inference[parameters78]",""
"passed","Tue May 21 22:20:44 GMT 2024","Tue May 21 22:20:44 GMT 2024","5","tests.unit.backend.layers.api","test_curation_api","TestS3Credentials","","","test__generate_s3_credentials__by_collection_version_id",""
"passed","Tue May 21 22:20:47 GMT 2024","Tue May 21 22:20:47 GMT 2024","3","tests.unit.backend.layers.api","test_gene_info","GeneInfoAPIv1Tests","","","test_gene_info_with_id","
        Successfully calls NCBIProvider fetch and search functions with a parameter of only gene ID
        "
"passed","Tue May 21 22:20:59 GMT 2024","Tue May 21 22:20:59 GMT 2024","1","tests.unit.backend.layers.utils","test_type_conversion_utils","","","","test_type_inference[parameters6]",""
"passed","Tue May 21 22:20:49 GMT 2024","Tue May 21 22:20:49 GMT 2024","11","tests.unit.backend.layers.api","test_portal_api","TestCollectionPostUploadLink","","","test_link_public_collection__403",""
"passed","Tue May 21 22:20:50 GMT 2024","Tue May 21 22:20:50 GMT 2024","0","tests.unit.backend.layers.common","test_validation","","","","test__link__INVALID[lab_website-google]",""
"passed","Tue May 21 22:20:48 GMT 2024","Tue May 21 22:20:48 GMT 2024","3","tests.unit.backend.layers.api","test_portal_api","TestDataset","","","test__dataset_meta__404",""
"passed","Tue May 21 22:20:58 GMT 2024","Tue May 21 22:20:58 GMT 2024","0","tests.unit.backend.layers.utils","test_json","TestCustomJSONEncoder","","","test_timedelta",""
"passed","Tue May 21 22:20:31 GMT 2024","Tue May 21 22:20:31 GMT 2024","1","tests.unit.scripts","test_zenhub_close","TestCloseReadyForProd","","","test_close_ready_for_prod_no_issues",""
"passed","Tue May 21 22:21:27 GMT 2024","Tue May 21 22:21:27 GMT 2024","3","tests.unit.processing.schema_migration","test_report","","","","test_report",""
"passed","Tue May 21 22:20:47 GMT 2024","Tue May 21 22:20:47 GMT 2024","9","tests.unit.backend.layers.api","test_curation_api","TestPutLink","","","test_from_link__403","
        Calling PUT /datasets/:dataset_id  should fail if version IDs are used for unpublished collections or
        for referencing datasets
        "
"passed","Tue May 21 22:21:26 GMT 2024","Tue May 21 22:21:26 GMT 2024","2","tests.unit.processing.schema_migration","test_error_wrapper","","","","test_error_wrapper",""
"passed","Tue May 21 22:20:49 GMT 2024","Tue May 21 22:20:49 GMT 2024","1","tests.unit.backend.layers.business","test_business","TestUpdateCollectionDatasets","","","test_add_dataset_to_non_existing_collection_fail","
        Calling `ingest_dataset` on a collection that does not exist should fail
        "
"passed","Tue May 21 22:20:44 GMT 2024","Tue May 21 22:20:44 GMT 2024","8","tests.unit.backend.layers.api","test_curation_api","TestGetCollections","","","test__verify_expected_private_collection_fields",""
"passed","Tue May 21 22:20:49 GMT 2024","Tue May 21 22:20:49 GMT 2024","7","tests.unit.backend.layers.business","test_business","TestGetCollectionVersion","","","test_get_collection_version_for_published_collection_ok","
        A published collection version can be obtained using `get_collection_version`
        "
"passed","Tue May 21 22:20:50 GMT 2024","Tue May 21 22:20:50 GMT 2024","0","tests.unit.backend.layers.common","test_validation","","","","test_invalid_characters_in_field[\x00some data]",""
"passed","Tue May 21 22:20:51 GMT 2024","Tue May 21 22:20:51 GMT 2024","143","tests.unit.backend.layers.utils","test_aws","TestDeleteManyFromS3","","","test_delete_from_s3_raises_error_for_missing_dataset_id",""
"passed","Tue May 21 22:20:51 GMT 2024","Tue May 21 22:20:51 GMT 2024","2","tests.unit.backend.layers.thirdparty","test_crossref_provider","TestCrossrefProvider","","","test__provider_parses_authors_and_dates_correctly",""
"passed","Tue May 21 22:20:46 GMT 2024","Tue May 21 22:20:46 GMT 2024","3","tests.unit.backend.layers.api","test_curation_api","TestGetDatasets","","","test_get_private_datasets_400",""
"passed","Tue May 21 22:20:44 GMT 2024","Tue May 21 22:20:44 GMT 2024","16","tests.unit.backend.layers.api","test_curation_api","TestGetCollectionID","","","test__get_nonexistent_collection__4xx",""
"passed","Tue May 21 22:20:50 GMT 2024","Tue May 21 22:20:50 GMT 2024","6","tests.unit.backend.layers.business","test_business","TestDeleteDataset","","","test_delete_dataset_in_private_collection__ok",""
"passed","Tue May 21 22:20:47 GMT 2024","Tue May 21 22:20:47 GMT 2024","2","tests.unit.backend.layers.api","test_gene_info","GeneInfoAPIv1Tests","","","test_api_fetch_calls","
        Mocks API key for NCBI requests, checks call counts and the correct external API calls.
        Will break if the external API call is down!
        "
"passed","Tue May 21 22:21:32 GMT 2024","Tue May 21 22:23:27 GMT 2024","115331","tests.unit.wmg_processing","test_marker_genes","MarkerGenesTests","","","test_marker_genes_cube",""
"passed","Tue May 21 22:23:30 GMT 2024","Tue May 21 22:26:49 GMT 2024","199052","tests.unit.backend.cellguide.pipeline","test_ontology_tree","OntologyTreeBuilderTests","","","test__ontology_tree_builder",""
"passed","Tue May 21 22:20:47 GMT 2024","Tue May 21 22:20:47 GMT 2024","3","tests.unit.backend.layers.api","test_gene_info","GeneInfoAPIv1Tests","","","test_api_double_calls","Checks that, if a gene fails on the first ID search, ncbi_provider will search again (with gene name)"
"passed","Tue May 21 22:20:50 GMT 2024","Tue May 21 22:20:50 GMT 2024","0","tests.unit.backend.layers.common","test_validation","","","","test__link__INVALID[raw_data-://]",""
"passed","Tue May 21 22:20:59 GMT 2024","Tue May 21 22:20:59 GMT 2024","1","tests.unit.backend.layers.utils","test_type_conversion_utils","","","","test_type_inference[parameters32]",""
"passed","Tue May 21 22:20:47 GMT 2024","Tue May 21 22:20:47 GMT 2024","5","tests.unit.backend.layers.api","test_curation_api","TestPostDataset","","","test_post_datasets_nonexistent_collection_403",""
"passed","Tue May 21 22:20:50 GMT 2024","Tue May 21 22:20:50 GMT 2024","1","tests.unit.backend.layers.common","test_validation","","","","test__link__INVALID[other-https://]",""
"passed","Tue May 21 22:21:00 GMT 2024","Tue May 21 22:21:00 GMT 2024","20","tests.unit.backend.wmg.data","test_snapshot","","","","test_get_wmg_snapshot_fullpath[None]",""
"passed","Tue May 21 22:20:48 GMT 2024","Tue May 21 22:20:48 GMT 2024","4","tests.unit.backend.layers.api","test_portal_api","TestUpdateCollection","","","test__set_collection_version_datasets_order_unauthenticated__401",""
"passed","Tue May 21 22:20:58 GMT 2024","Tue May 21 22:20:58 GMT 2024","0","tests.unit.backend.layers.utils","test_matrix_utils","TestMatrixUtils","","","test__is_matrix_sparse__zero_and_one_hundred_percent_threshold",""
"passed","Tue May 21 22:20:48 GMT 2024","Tue May 21 22:20:48 GMT 2024","11","tests.unit.backend.layers.api","test_portal_api","TestDataset","","","test__call_delete_dataset__twice",""
"passed","Tue May 21 22:20:49 GMT 2024","Tue May 21 22:20:49 GMT 2024","15","tests.unit.backend.layers.api","test_portal_api","TestPublishRevision","","","test__publish_revision_with_new_dataset__OK","
        Publish a revision with new datasets.
        "
"passed","Tue May 21 22:21:27 GMT 2024","Tue May 21 22:21:27 GMT 2024","14","tests.unit.processing","test_cxg_generation_utils","TestCxgGenerationUtils","","","test__convert_matrices_to_cxg_arrays__sparse_array_only_store_nonzeros_empty_array",""
"passed","Tue May 21 22:20:50 GMT 2024","Tue May 21 22:20:50 GMT 2024","0","tests.unit.backend.layers.common","test_validation","","","","test__link__INVALID[other-.com]",""
"passed","Tue May 21 22:21:27 GMT 2024","Tue May 21 22:21:27 GMT 2024","11","tests.unit.processing","test_dataset_metadata_update","TestUpdateMetadataHandler","","","test_update_metadata__missing_labeled_h5ad",""
"passed","Tue May 21 22:20:49 GMT 2024","Tue May 21 22:20:49 GMT 2024","35","tests.unit.backend.layers.api","test_portal_api","TestRevision","","","test__start_revision_of_a_collection__201","
        Start a revision of a collection.
        "
"passed","Tue May 21 22:21:00 GMT 2024","Tue May 21 22:21:00 GMT 2024","0","tests.unit.backend.common","test_feature_flag","TestFeatureFlag","","","test_feature_flag",""
"passed","Tue May 21 22:20:50 GMT 2024","Tue May 21 22:20:50 GMT 2024","20","tests.unit.backend.layers.business","test_business","TestCollectionOperations","","","test_publish_version_with_replaced_dataset_ok","
        Publishing a version with a dataset replaced should succeed
        "
"passed","Tue May 21 22:20:50 GMT 2024","Tue May 21 22:20:50 GMT 2024","15","tests.unit.backend.layers.business","test_business","TestDeleteDataset","","","test_delete_published_dataset_in_revision__success",""
"passed","Tue May 21 22:20:57 GMT 2024","Tue May 21 22:20:57 GMT 2024","2","tests.unit.backend.wmg.api","test_v2","WmgApiV2Tests","","","test__query_empty_request__returns_400",""
"passed","Tue May 21 22:20:44 GMT 2024","Tue May 21 22:20:44 GMT 2024","11","tests.unit.backend.layers.api","test_curation_api","TestDeleteCollection","","","test__delete_private_collection_by_collection_version_id",""
"passed","Tue May 21 22:22:09 GMT 2024","Tue May 21 22:22:09 GMT 2024","0","tests.unit.processing","test_logger","","","","test_log_suppressed__missed",""
"passed","Tue May 21 22:20:48 GMT 2024","Tue May 21 22:20:48 GMT 2024","5","tests.unit.backend.layers.api","test_portal_api","TestUpdateCollection","","","test__update_collection_same_doi_does_not_update_metadata",""
"passed","Tue May 21 22:20:31 GMT 2024","Tue May 21 22:20:31 GMT 2024","0","tests.unit.scripts","test_zenhub_close","TestFilterIssues","","","test_with_blocking_issues_in_issue_list",""
"passed","Tue May 21 22:20:45 GMT 2024","Tue May 21 22:20:45 GMT 2024","18","tests.unit.backend.layers.api","test_curation_api","TestDeleteDataset","","","test__delete_dataset_by_canonical_id","
        Calling DELETE /collections/:collection_id/datasets/:dataset_id should work according to the
        auth token passed and when using canonical ids. In this case, the unpublished collection
        version will be looked up and used for deletion.
        "
"passed","Tue May 21 22:20:59 GMT 2024","Tue May 21 22:20:59 GMT 2024","1","tests.unit.backend.layers.utils","test_type_conversion_utils","","","","test_type_inference[parameters60]",""
"passed","Tue May 21 22:21:28 GMT 2024","Tue May 21 22:21:28 GMT 2024","1","tests.unit.processing","test_extract_metadata","TestProcessingValidate","","","test_get_spatial_metadata__is_single_and_fullres_true",""
"passed","Tue May 21 22:21:27 GMT 2024","Tue May 21 22:21:27 GMT 2024","60","tests.unit.processing","test_dataset_metadata_update","TestDatasetMetadataUpdaterWorker","","","test_update_rds",""
"passed","Tue May 21 22:20:45 GMT 2024","Tue May 21 22:20:45 GMT 2024","4","tests.unit.backend.layers.api","test_curation_api","TestPatchCollectionID","","","test__update_collection__Not_Owner",""
"passed","Tue May 21 22:20:59 GMT 2024","Tue May 21 22:20:59 GMT 2024","1","tests.unit.backend.layers.utils","test_type_conversion_utils","","","","test_type_inference[parameters23]",""
"passed","Tue May 21 22:20:50 GMT 2024","Tue May 21 22:20:50 GMT 2024","0","tests.unit.backend.layers.common","test_validation","","","","test__link__OK[data_source-http://somewhere.org/path/?abcd=123]",""
"passed","Tue May 21 22:20:59 GMT 2024","Tue May 21 22:20:59 GMT 2024","0","tests.unit.backend.layers.utils","test_type_conversion_utils","","","","test_type_inference[parameters108]",""
"passed","Tue May 21 22:20:49 GMT 2024","Tue May 21 22:20:49 GMT 2024","9","tests.unit.backend.layers.api","test_portal_api","TestPublishRevision","","","test__publish_collection_triggers_cloudfront_invalidation",""
"passed","Tue May 21 22:20:48 GMT 2024","Tue May 21 22:20:48 GMT 2024","7","tests.unit.backend.layers.api","test_portal_api","TestDataset","","","test__get_status__ok",""
"passed","Tue May 21 22:20:45 GMT 2024","Tue May 21 22:20:45 GMT 2024","63","tests.unit.backend.wmg.api","test_v2","WmgApiV2Tests","","","test__filter_request_with_filter_dims__returns_valid_filter_dims__base_case",""
"passed","Tue May 21 22:20:48 GMT 2024","Tue May 21 22:20:48 GMT 2024","8","tests.unit.backend.layers.api","test_portal_api","TestUpdateCollection","","","test__set_collection_version_datasets_order_invalid_collection__403",""
"passed","Tue May 21 22:21:23 GMT 2024","Tue May 21 22:21:23 GMT 2024","280","tests.unit.backend.wmg","test_query","QueryPrimaryFilterDimensionsTest","","","test__single_dimension__returns_all_dimension_and_terms",""
"passed","Tue May 21 22:20:43 GMT 2024","Tue May 21 22:20:43 GMT 2024","342","tests.unit.backend.wmg.api.common","test_expression_dotplot","ExpressionDotPlotTest","","","test__query_non_indexed_dim_multi_valued__returns_correct_result",""
"passed","Tue May 21 22:20:44 GMT 2024","Tue May 21 22:20:44 GMT 2024","9","tests.unit.backend.layers.api","test_curation_api","TestGetCollections","","","test__verify_expected_public_collection_fields",""
"passed","Tue May 21 22:20:44 GMT 2024","Tue May 21 22:20:44 GMT 2024","27","tests.unit.backend.layers.api","test_curation_api","TestGetCollections","","","test__get_a_curators_collections",""
"passed","Tue May 21 22:20:48 GMT 2024","Tue May 21 22:20:48 GMT 2024","3","tests.unit.backend.layers.api","test_portal_api","TestCollectionDeletion","","","test_delete_collection__does_not_exist",""
"passed","Tue May 21 22:20:49 GMT 2024","Tue May 21 22:20:49 GMT 2024","28","tests.unit.backend.layers.api","test_portal_api","TestRevision","","","test__revision__403","
        Starting a revision on a revision.
        "
"passed","Tue May 21 22:20:50 GMT 2024","Tue May 21 22:20:50 GMT 2024","0","tests.unit.backend.layers.business","test_business","TestDeleteDataset","","","test_delete_artifacts_CollectionDeleteException_with_H5AD",""
"passed","Tue May 21 22:20:49 GMT 2024","Tue May 21 22:20:49 GMT 2024","5","tests.unit.backend.layers.business","test_business","TestUpdateCollectionDatasets","","","test_replace_dataset_on_non_existing_dataset_fail","
        Calling `ingest_dataset` and specifying a non existant dataset_version_id should fail
        "
"passed","Tue May 21 22:20:50 GMT 2024","Tue May 21 22:20:50 GMT 2024","9","tests.unit.backend.layers.business","test_business","TestGetDataset","","","test_get_all_datasets_ok","
        All dataset that belong to a published collection can be retrieved with `get_all_mapped_datasets`
        "
"passed","Tue May 21 22:21:27 GMT 2024","Tue May 21 22:21:27 GMT 2024","2","tests.unit.processing","test_dataset_submissions","TestDatasetSubmissions","","","test__upload_update_by_dataset_id_super__OK","
        Processing starts when an update of a dataset is uploaded by its ID by a super curator
        "
"passed","Tue May 21 22:20:51 GMT 2024","Tue May 21 22:20:53 GMT 2024","2168","tests.unit.backend.layers.utils","test_aws_secret","TestAwsSecret","","","test_delete_of_existing_secret_deletes_secret",""
"passed","Tue May 21 22:20:47 GMT 2024","Tue May 21 22:20:47 GMT 2024","10","tests.unit.backend.layers.api","test_curation_api","TestPostRevision","","","test__post_revision__OK",""
"passed","Tue May 21 22:20:49 GMT 2024","Tue May 21 22:20:49 GMT 2024","25","tests.unit.backend.layers.api","test_portal_api","TestDeleteRevision","","","test__delete_revision_unauth__403","
        An unauthorized user should not be able to delete a collection revision
        "
"passed","Tue May 21 22:22:09 GMT 2024","Tue May 21 22:22:09 GMT 2024","1","tests.unit.processing","test_handle_error","TestCleanupArtifacts","","","test_cleanup_artifacts__no_buckets","Check that no files are deleted if buckets are not specified."
"passed","Tue May 21 22:20:50 GMT 2024","Tue May 21 22:20:50 GMT 2024","93","tests.unit.backend.layers.business","test_business","TestGetAllDatasets","","","test_get_all_private_datasets_ok","
        Private datasets the user is authorized to view can be retrieved with `get_all_private_collection_versions_with_datasets`.
        "
"passed","Tue May 21 22:22:09 GMT 2024","Tue May 21 22:22:09 GMT 2024","0","tests.unit.processing","test_process_download","","","","test_estimate_resource_requirements_positive[adata1-memory_settings1-expected1]",""
"passed","Tue May 21 22:21:28 GMT 2024","Tue May 21 22:21:29 GMT 2024","20","tests.unit.processing","test_h5ad_data_file","TestH5ADDataFile","","","test__slash_in_attribute_name",""
"passed","Tue May 21 22:21:05 GMT 2024","Tue May 21 22:22:17 GMT 2024","71509","tests.unit.backend.cellguide.pipeline","test_metadata_generator","TestMetadataGenerator","","","test__cell_metadata_generator",""
"passed","Tue May 21 22:20:44 GMT 2024","Tue May 21 22:20:45 GMT 2024","218","tests.unit.backend.wmg.api","test_v2","WmgApiV2Tests","","","test__filter_request_with_filter_dims__returns_valid_filter_dims",""
"passed","Tue May 21 22:20:50 GMT 2024","Tue May 21 22:20:50 GMT 2024","0","tests.unit.backend.layers.common","test_validation","","","","test__link__INVALID[protocol-google.com]",""
"passed","Tue May 21 22:20:50 GMT 2024","Tue May 21 22:20:50 GMT 2024","0","tests.unit.backend.layers.common","test_validation","","","","test__link__INVALID[doi-://]",""
"passed","Tue May 21 22:21:28 GMT 2024","Tue May 21 22:21:28 GMT 2024","13","tests.unit.processing","test_h5ad_data_file","TestH5ADDataFile","","","test__create_h5ad_data_file__non_h5ad_raises_exception",""
"passed","Tue May 21 22:22:09 GMT 2024","Tue May 21 22:22:09 GMT 2024","4","tests.unit.processing","test_process_validate","ProcessingTest","","","test_process_validate_fail","
        If the validation is not successful, the processing pipeline should:
        1. Set the processing status to INVALID
        2. Set a validation message accordingly
        "
"passed","Tue May 21 22:20:48 GMT 2024","Tue May 21 22:20:48 GMT 2024","15","tests.unit.backend.layers.api","test_portal_api","TestDataset","","","test__delete_uploaded_dataset__ok",""
"passed","Tue May 21 22:20:47 GMT 2024","Tue May 21 22:20:47 GMT 2024","1","tests.unit.backend.layers.api","test_gene_info","GeneInfoAPIv1Tests","","","test_correct_parse_xml_tree","
        Successfully parses a properly formatted XML tree for gene information
        "
"passed","Tue May 21 22:20:45 GMT 2024","Tue May 21 22:20:45 GMT 2024","3","tests.unit.backend.layers.api","test_curation_api","TestPatchCollectionID","","","test__update_collection__no_auth",""
"passed","Tue May 21 22:20:44 GMT 2024","Tue May 21 22:20:44 GMT 2024","10","tests.unit.backend.layers.api","test_curation_api","TestGetCollectionID","","","test__get_collection_with_dataset_failing_pipeline",""
"passed","Tue May 21 22:20:46 GMT 2024","Tue May 21 22:20:46 GMT 2024","55","tests.unit.backend.layers.api","test_curation_api","TestGetDatasetVersion","","","test_get_dataset_version_4xx",""
"passed","Tue May 21 22:20:50 GMT 2024","Tue May 21 22:20:50 GMT 2024","0","tests.unit.backend.layers.common","test_validation","","","","test__link__INVALID[protocol-://]",""
"passed","Tue May 21 22:20:44 GMT 2024","Tue May 21 22:20:44 GMT 2024","9","tests.unit.backend.layers.api","test_curation_api","TestGetCollectionID","","","test__get_collection_with_x_approximate_distribution_none__OK",""
"passed","Tue May 21 22:21:28 GMT 2024","Tue May 21 22:21:28 GMT 2024","14","tests.unit.processing","test_extract_metadata","TestProcessingValidate","","","test_extract_metadata_find_raw_layer",""
"passed","Tue May 21 22:22:08 GMT 2024","Tue May 21 22:22:09 GMT 2024","1","tests.unit.processing","test_handle_error","TestCleanupArtifacts","","","test_cleanup_artifacts__OK[]","Check that all artifacts are deleted for the given cases."
"passed","Tue May 21 22:20:48 GMT 2024","Tue May 21 22:20:48 GMT 2024","5","tests.unit.backend.layers.api","test_portal_api","TestCollection","","","test__create_collection__InvalidParameters_DOI",""
"passed","Tue May 21 22:20:50 GMT 2024","Tue May 21 22:20:50 GMT 2024","0","tests.unit.backend.layers.common","test_validation","","","","test_invalid_email[@.]",""
"passed","Tue May 21 22:20:21 GMT 2024","Tue May 21 22:20:24 GMT 2024","2819","tests.unit.wmg_processing","test_cell_type_ordering","CellTypeOrderingTests","","","test_cell_type_orderings",""
"passed","Tue May 21 22:21:00 GMT 2024","Tue May 21 22:21:00 GMT 2024","0","tests.unit.backend.layers.utils","test_uri","TestS3URI","","","test__validate_with_invalid_s3_uri__returns_none",""
"passed","Tue May 21 22:20:59 GMT 2024","Tue May 21 22:20:59 GMT 2024","0","tests.unit.backend.layers.utils","test_type_conversion_utils","","","","test_type_inference[parameters10]",""
"passed","Tue May 21 22:20:50 GMT 2024","Tue May 21 22:20:50 GMT 2024","14","tests.unit.backend.layers.business","test_business","TestCollectionOperations","","","test_publish_version_does_not_change_original_published_at_ok","
        When publishing a collection version, the published_at for the canonical collection
        should not change
        "
"passed","Tue May 21 22:21:03 GMT 2024","Tue May 21 22:21:05 GMT 2024","2003","tests.unit.backend.cellguide.pipeline","test_gpt_descriptions","TestGptDescriptionGenerator","","","test__gpt_seo_description_generator",""
"passed","Tue May 21 22:21:28 GMT 2024","Tue May 21 22:21:28 GMT 2024","22","tests.unit.processing","test_h5ad_data_file","TestH5ADDataFile","","","test__create_h5ad_data_file__no_copy_if_var_index_name_already_in_columns",""
"passed","Tue May 21 22:20:49 GMT 2024","Tue May 21 22:20:49 GMT 2024","7","tests.unit.backend.layers.api","test_portal_api","TestDatasetCurators","","","test__get_status__200_for_non_owned_dataset_as_super_curator",""
"passed","Tue May 21 22:20:48 GMT 2024","Tue May 21 22:20:48 GMT 2024","4","tests.unit.backend.layers.api","test_portal_api","TestCollection","","","test__post_collection_normalizes_doi",""
"passed","Tue May 21 22:20:59 GMT 2024","Tue May 21 22:20:59 GMT 2024","338","tests.unit.backend.wmg.api","test_v2","WmgApiV2Tests","","","test__schema4__filter_request_with_empty_criteria__excludes_comma_delimited_ethnicity_values",""
"passed","Tue May 21 22:21:17 GMT 2024","Tue May 21 22:21:23 GMT 2024","5686","tests.unit.backend.wmg","test_query","QueryTest","","","test__query_marker_genes_cube__returns_correct_top_10_markers",""
"passed","Tue May 21 22:20:44 GMT 2024","Tue May 21 22:20:44 GMT 2024","25","tests.unit.backend.wmg.api.common","test_rollup","","","","test__rollup[with_ethnicity_compare_dim_on_single_tissue-input_cell_counts_df4-expected_cell_counts_df4-input_gene_expr_df4-expected_gene_expr_df4]","
    Test that the `rollup` function correctly accumulates (or rolls up) gene-expression
    values FOR EACH expressed gene and cell count values up the cell type ANCESTOR paths
    grouped by (tissue_ontology_term_id, cell_type_ontology_term_id, <compare_dimension>).

    The input:

    1. A cell type ontology subgraph consisting of 4 cell types.

    CL:0000127
    ├── CL:0000644
    ├── CL:0002605
    └── CL:0002627

    2. A gene expression dataframe consisting of expression numeric values for each
    (gene_ontology_term_id, tissue_ontology_term_id, cell_type_ontology_term_id, <compare_dimension>) tuple.
    3. The gene expression dataframe also holds total cell counts per tissue_ontology_term_id.
    This value is held in a column called `n_cells_tissue`.
    6. A cell counts dataframe that consists of cell counts for each
    (tissue_ontology_term_id, cell_type_ontology_term_id, <compare_dimension>) tuple.
    7. We set the `n_cells_tissue` column values to 1000 for all rows
    in the gene expression dataframe.
    8. We set all other numeric column values to `1` in the gene expression dataframe.

    The expected output:

    1. A rolled up gene expression dataframe.
    2. A rolled up cell counts dataframe.
    3. Assert that `n_cells_tissue` column value in the rolled up gene expression dataframe
    does not change for all rows because it should not be rolled up the cell type ontology
    ancestor paths.
    4. Assert that other numeric column values (i.e the columns that are not `n_cells_tissue`)
    in the rolled up gene expression dataframe hold the correct rolled up values.
    5. Assert that the cell counts in the rolled up cell counts dataframe hold the correct
    rolled up values.
    "
"skipped","Tue May 21 22:19:44 GMT 2024","Tue May 21 22:19:44 GMT 2024","0","tests.unit.backend.cellguide.pipeline","test_computational_marker_genes","MarkerGeneCalculatorTests","","","test__marker_gene_calculation",""
"passed","Tue May 21 22:20:44 GMT 2024","Tue May 21 22:20:44 GMT 2024","6","tests.unit.backend.layers.api","test_app","TestAPI","","","test__wmg_api_swagger_ui__returns_200",""
"passed","Tue May 21 22:21:00 GMT 2024","Tue May 21 22:21:00 GMT 2024","142","tests.unit.backend.layers.utils","test_uri","TestS3URI","","","test_download",""
"passed","Tue May 21 22:20:49 GMT 2024","Tue May 21 22:20:49 GMT 2024","1","tests.unit.backend.layers.business","test_business","TestCreateCollection","","","test_create_collection_with_consortia_ok","
        A collection with consortia can be created using `create_collection`
        "
"passed","Tue May 21 22:20:50 GMT 2024","Tue May 21 22:20:50 GMT 2024","3","tests.unit.backend.layers.business","test_business","TestUpdateDataset","","","test_update_dataset_status_ok","
        The dataset processing status can be updated using `update_dataset_status`
        "
"passed","Tue May 21 22:20:50 GMT 2024","Tue May 21 22:20:50 GMT 2024","1","tests.unit.backend.layers.common","test_validation","","","","test__link__INVALID[other-://]",""
"passed","Tue May 21 22:20:50 GMT 2024","Tue May 21 22:20:50 GMT 2024","6","tests.unit.backend.layers.business","test_business","TestConcurrentUpdates","","","test_concurrency",""
"passed","Tue May 21 22:20:49 GMT 2024","Tue May 21 22:20:49 GMT 2024","6","tests.unit.backend.layers.auth","test_auth_keys","TestKeys","","","test__regenerate_key__201",""
"passed","Tue May 21 22:20:49 GMT 2024","Tue May 21 22:20:49 GMT 2024","23","tests.unit.backend.layers.api","test_portal_api","TestRevision","","","test__start_revision_of_a_collection_w_links__201","
        Start a revision of a collection with links.
        "
"passed","Tue May 21 22:20:59 GMT 2024","Tue May 21 22:20:59 GMT 2024","0","tests.unit.backend.layers.utils","test_type_conversion_utils","","","","test_type_inference[parameters39]",""
"passed","Tue May 21 22:20:49 GMT 2024","Tue May 21 22:20:49 GMT 2024","1","tests.unit.backend.layers.business","test_business","TestUpdateCollection","","","test_update_collection_same_doi","
        A collection updated with the same DOI should not trigger a Crossref call
        "
"passed","Tue May 21 22:20:43 GMT 2024","Tue May 21 22:20:43 GMT 2024","351","tests.unit.backend.wmg.api.common","test_expression_dotplot","ExpressionDotPlotTest","","","test__query_all_indexed_dims_single_value__returns_correct_result",""
"passed","Tue May 21 22:20:49 GMT 2024","Tue May 21 22:20:49 GMT 2024","8","tests.unit.backend.layers.business","test_business","TestDeleteDataset","","","test_cleanup_occurs_after_deletion_for_private_collection","
        Updated Dataset assets and rows in private Collection should not be deleted until after Collection is deleted
        "
"passed","Tue May 21 22:20:50 GMT 2024","Tue May 21 22:20:50 GMT 2024","13","tests.unit.backend.layers.business","test_business","TestGetDataset","","","test_get_dataset_version",""
"passed","Tue May 21 22:20:46 GMT 2024","Tue May 21 22:20:46 GMT 2024","2","tests.unit.backend.layers.api","test_curation_api","TestGetDatasets","","","test_get_private_datasets_403",""
"passed","Tue May 21 22:20:44 GMT 2024","Tue May 21 22:20:44 GMT 2024","10","tests.unit.backend.layers.api","test_curation_api","TestGetCollectionID","","","test__get_collection_with_dataset_failing_validation",""
"passed","Tue May 21 22:20:57 GMT 2024","Tue May 21 22:20:57 GMT 2024","176","tests.unit.backend.wmg.api","test_v2","WmgApiV2Tests","","","test__primary_filter_dimensions__returns_valid_response_body",""
"passed","Tue May 21 22:20:48 GMT 2024","Tue May 21 22:20:48 GMT 2024","4","tests.unit.backend.layers.api","test_portal_api","TestCollection","","","test__list_collection_options__allow",""
"passed","Tue May 21 22:20:59 GMT 2024","Tue May 21 22:20:59 GMT 2024","0","tests.unit.backend.layers.utils","test_semvar_utils","TestSemvarUtils","","","test__prerelease_release_version__returns_true",""
"passed","Tue May 21 22:20:59 GMT 2024","Tue May 21 22:20:59 GMT 2024","1","tests.unit.backend.layers.utils","test_type_conversion_utils","","","","test_type_inference[parameters55]",""
"passed","Tue May 21 22:20:50 GMT 2024","Tue May 21 22:20:50 GMT 2024","11","tests.unit.backend.layers.business","test_business","TestCollectionOperations","","","test_get_collection_version_from_canonical_published_ok","
        `get_collection_version_from_canonical` retrieves the active published version connected
        to the canonical collection, when available
        "
"passed","Tue May 21 22:20:49 GMT 2024","Tue May 21 22:20:49 GMT 2024","4","tests.unit.backend.layers.auth","test_auth_keys","TestKeys","","","test__get_key__404",""
"passed","Tue May 21 22:20:50 GMT 2024","Tue May 21 22:20:50 GMT 2024","17","tests.unit.backend.layers.business","test_business","TestCollectionOperations","","","test_dataset_published_at_with_new_dataset_ok","
        When publishing a collection that contains a new dataset, `published_at` for the new dataset should be updated
        "
"passed","Tue May 21 22:20:48 GMT 2024","Tue May 21 22:20:48 GMT 2024","3","tests.unit.backend.layers.api","test_portal_api","TestDataset","","","test__get_all_user_datasets_for_index_requires_auth",""
"passed","Tue May 21 22:20:50 GMT 2024","Tue May 21 22:20:50 GMT 2024","1","tests.unit.backend.layers.business","test_business","TestDeleteDataset","","","test_delete_artifacts_with_rdev_prefix",""
"passed","Tue May 21 22:20:48 GMT 2024","Tue May 21 22:20:48 GMT 2024","12","tests.unit.backend.layers.api","test_portal_api","TestUpdateCollection","","","test__set_collection_version_datasets_order__OK",""
"passed","Tue May 21 22:20:49 GMT 2024","Tue May 21 22:20:50 GMT 2024","29","tests.unit.backend.layers.business","test_business","TestDeleteDataset","","","test_cleanup_occurs_after_revision_is_canceled","
        New Dataset assets and rows not deleted until after revision is canceled (for previously-published Collection)
        "
"passed","Tue May 21 22:21:27 GMT 2024","Tue May 21 22:21:27 GMT 2024","3","tests.unit.processing","test_dataset_metadata_update","TestValidArtifactStatuses","","","test_has_valid_artifact_statuses__invalid_cxg_status_1",""
"passed","Tue May 21 22:20:48 GMT 2024","Tue May 21 22:20:48 GMT 2024","6","tests.unit.backend.layers.api","test_portal_api","TestUpdateCollection","","","test__set_collection_version_datasets_order_unauthorized__403",""
"passed","Tue May 21 22:20:47 GMT 2024","Tue May 21 22:20:47 GMT 2024","508","tests.unit.backend.layers.api","test_gene_info","GeneInfoAPIv1Tests","","","test_incorrect_gene_ids","
        Successfully raises exception for ensembl IDs that do not exist
        "
"passed","Tue May 21 22:20:47 GMT 2024","Tue May 21 22:20:47 GMT 2024","7","tests.unit.backend.layers.api","test_curation_api","TestPostRevision","","","test__post_revision__no_auth",""
"passed","Tue May 21 22:21:11 GMT 2024","Tue May 21 22:21:17 GMT 2024","5520","tests.unit.backend.wmg","test_query","QueryTest","","","test__query_marker_genes_cube__returns_correct_all_markers",""
"passed","Tue May 21 22:20:50 GMT 2024","Tue May 21 22:20:50 GMT 2024","0","tests.unit.backend.layers.common","test_validation","","","","test__link__INVALID[raw_data-google]",""
"passed","Tue May 21 22:20:59 GMT 2024","Tue May 21 22:20:59 GMT 2024","1","tests.unit.backend.layers.utils","test_type_conversion_utils","","","","test_type_inference[parameters1]",""
"passed","Tue May 21 22:20:50 GMT 2024","Tue May 21 22:20:50 GMT 2024","7","tests.unit.backend.layers.business","test_business","TestGetDataset","","","test_get_dataset_artifact_download_data_ok","
        Calling `get_dataset_artifact_download_data` should yield downloadable data
        "
"passed","Tue May 21 22:20:50 GMT 2024","Tue May 21 22:20:50 GMT 2024","1","tests.unit.backend.layers.business","test_business","TestDeleteDataset","","","test_delete_artifacts_artifact_type_doesnt_match_regex",""
"passed","Tue May 21 22:20:49 GMT 2024","Tue May 21 22:20:49 GMT 2024","18","tests.unit.backend.layers.business","test_business","TestGetCollectionVersion","","","test_get_collection_version_for_tombstoned_collection","
        A tombstoned Collection's versions can only be obtained if the `get_tombstoned` flag is explicitly set to True
        "
"passed","Tue May 21 22:20:50 GMT 2024","Tue May 21 22:20:50 GMT 2024","4","tests.unit.backend.layers.business","test_business","TestSetPreviousDatasetVersion","","","test_with_published_collection",""
"passed","Tue May 21 22:20:59 GMT 2024","Tue May 21 22:20:59 GMT 2024","0","tests.unit.backend.layers.utils","test_semvar_utils","TestSemvarUtils","","","test__release_only_misformatted_version__returns_false",""
"passed","Tue May 21 22:20:57 GMT 2024","Tue May 21 22:20:57 GMT 2024","2","tests.unit.backend.wmg.api","test_v2","WmgApiV2Tests","","","test__query_missing_gene__request_returns_400",""
"passed","Tue May 21 22:20:49 GMT 2024","Tue May 21 22:20:49 GMT 2024","3","tests.unit.backend.layers.auth","test_auth_keys","TestKeys","","","test__get_key__200",""
"passed","Tue May 21 22:22:09 GMT 2024","Tue May 21 22:22:09 GMT 2024","1","tests.unit.processing","test_logger","","","","test_log_suppressed__caught",""
"passed","Tue May 21 22:20:50 GMT 2024","Tue May 21 22:20:50 GMT 2024","1","tests.unit.backend.layers.common","test_validation","","","","test__link__OK[other-https://www.google.com]",""
"passed","Tue May 21 22:20:49 GMT 2024","Tue May 21 22:20:49 GMT 2024","7","tests.unit.backend.layers.business","test_business","TestUpdateCollection","","","test_update_published_collection_fail","
        Updating a collection version that is published should fail
        "
"passed","Tue May 21 22:21:29 GMT 2024","Tue May 21 22:21:47 GMT 2024","17627","tests.unit.processing","test_handle_error","","","","test_migration_event_does_not_trigger_slack",""
"passed","Tue May 21 22:20:49 GMT 2024","Tue May 21 22:20:49 GMT 2024","1","tests.unit.backend.layers.business","test_business","TestCreateCollection","","","test_create_collection_with_bad_links_fail","
        A collection where a link isn't a http URI cannot be created
        "
"passed","Tue May 21 22:20:50 GMT 2024","Tue May 21 22:20:50 GMT 2024","14","tests.unit.backend.layers.business","test_business","TestCollectionOperations","","","test_get_all_collections_published_does_not_retrieve_old_versions","
        `get_collections` with is_published=True should not return versions that were previously
        published but have a new version
        "
"passed","Tue May 21 22:20:48 GMT 2024","Tue May 21 22:20:48 GMT 2024","17","tests.unit.backend.layers.api","test_portal_api","TestCollection","","","test__get_collection_id_retrieves_published_version_by_collection_id_if_revision","
        When there is a revision of a published collection, GET /collections/:collection_id retrieves:
        1. the published version given the canonical collection_id
        2. the revision if given the version_id
        "
"passed","Tue May 21 22:20:47 GMT 2024","Tue May 21 22:20:47 GMT 2024","8","tests.unit.backend.layers.api","test_curation_api","TestPostDataset","","","test_post_datasets_not_owner_403",""
"passed","Tue May 21 22:20:51 GMT 2024","Tue May 21 22:20:51 GMT 2024","386","tests.unit.backend.layers.utils","test_aws","TestDeleteManyFromS3","","","test_delete_from_s3_deletes_all_files",""
"passed","Tue May 21 22:20:46 GMT 2024","Tue May 21 22:20:46 GMT 2024","56","tests.unit.backend.layers.api","test_curation_api","TestGetDatasetIdVersions","","","test_get_dataset_id_version_4xx",""
"passed","Tue May 21 22:20:50 GMT 2024","Tue May 21 22:20:50 GMT 2024","0","tests.unit.backend.layers.common","test_validation","","","","test__link__INVALID[doi-.com]",""
"passed","Tue May 21 22:21:26 GMT 2024","Tue May 21 22:21:26 GMT 2024","2","tests.unit.processing.schema_migration","test_collection_migrate","TestCollectionMigrate","","","test_can_publish_false",""
"passed","Tue May 21 22:20:49 GMT 2024","Tue May 21 22:20:49 GMT 2024","5","tests.unit.backend.layers.api","test_portal_api","TestPublishRevision","","","test__publish_revision_as_non_autorized__401","
        Publish a collection as a non authenticated user returns 403
        "
"passed","Tue May 21 22:20:59 GMT 2024","Tue May 21 22:20:59 GMT 2024","1","tests.unit.backend.layers.utils","test_type_conversion_utils","","","","test_type_inference[parameters50]",""
"passed","Tue May 21 22:20:59 GMT 2024","Tue May 21 22:20:59 GMT 2024","1","tests.unit.backend.layers.utils","test_type_conversion_utils","","","","test_type_inference[parameters96]",""
"passed","Tue May 21 22:20:48 GMT 2024","Tue May 21 22:20:48 GMT 2024","5","tests.unit.backend.layers.api","test_portal_api","TestDataset","","","test__get_dataset_assets",""
"passed","Tue May 21 22:20:59 GMT 2024","Tue May 21 22:20:59 GMT 2024","1","tests.unit.backend.layers.utils","test_type_conversion_utils","","","","test_type_inference[parameters80]",""
"passed","Tue May 21 22:20:48 GMT 2024","Tue May 21 22:20:48 GMT 2024","6","tests.unit.backend.layers.api","test_portal_api","TestDataset","","","test__get_dataset_asset__OK",""
"passed","Tue May 21 22:21:47 GMT 2024","Tue May 21 22:22:08 GMT 2024","21421","tests.unit.processing","test_handle_error","","","","test_non_migration_event_triggers_slack",""
"passed","Tue May 21 22:20:44 GMT 2024","Tue May 21 22:20:44 GMT 2024","3","tests.unit.backend.layers.api","test_curation_api","TestS3Credentials","","","test__generate_s3_credentials__Not_Owner",""
"passed","Tue May 21 22:20:45 GMT 2024","Tue May 21 22:20:45 GMT 2024","235","tests.unit.backend.layers.api","test_curation_api","TestGetDatasets","","","test_get_datasets_by_schema_200",""
"passed","Tue May 21 22:20:49 GMT 2024","Tue May 21 22:20:49 GMT 2024","3","tests.unit.backend.layers.auth","test_auth_keys","TestKeys","","","test__create_key__401",""
"passed","Tue May 21 22:22:08 GMT 2024","Tue May 21 22:22:08 GMT 2024","1","tests.unit.processing","test_handle_error","","","","test_get_failure_slack_notification_message_with_dataset_version_id_none",""
"passed","Tue May 21 22:20:45 GMT 2024","Tue May 21 22:20:45 GMT 2024","44","tests.unit.backend.layers.api","test_curation_api","TestGetCollectionVersionID","","","test_get_collection_version_4xx",""
"passed","Tue May 21 22:20:59 GMT 2024","Tue May 21 22:20:59 GMT 2024","0","tests.unit.backend.layers.utils","test_type_conversion_utils","","","","test_type_inference[parameters19]",""
"passed","Tue May 21 22:22:10 GMT 2024","Tue May 21 22:22:10 GMT 2024","4","tests.unit.processing","test_spatial_assets_utils","","","","test__process_and_flip_image","
    Test the image processing method
    "
"passed","Tue May 21 22:20:50 GMT 2024","Tue May 21 22:20:50 GMT 2024","8","tests.unit.backend.layers.business","test_business","TestCollectionOperations","","","test_publish_version_fails_on_published_collection","
        `publish_collection_version` should fail if called on a collection version that is already published.
        "
"passed","Tue May 21 22:20:59 GMT 2024","Tue May 21 22:20:59 GMT 2024","1","tests.unit.backend.layers.utils","test_type_conversion_utils","","","","test_type_inference[parameters30]",""
"passed","Tue May 21 22:20:58 GMT 2024","Tue May 21 22:20:58 GMT 2024","478","tests.unit.backend.wmg.api","test_v2","WmgApiV2Tests","","","test__query_request_multi_primary_dims_only__returns_200_and_correct_response",""
"passed","Tue May 21 22:21:00 GMT 2024","Tue May 21 22:21:00 GMT 2024","0","tests.unit.backend.common","test_common","","","","test_remove_duplicate_dataset_assets_no_duplicates",""
"passed","Tue May 21 22:21:28 GMT 2024","Tue May 21 22:21:28 GMT 2024","22","tests.unit.processing","test_h5ad_data_file","TestH5ADDataFile","","","test__create_h5ad_data_file__var_index_name_specified_not_unique_raises_exception",""
"passed","Tue May 21 22:20:44 GMT 2024","Tue May 21 22:20:44 GMT 2024","3","tests.unit.backend.layers.api","test_curation_api","TestS3Credentials","","","test__generate_s3_credentials__No_Auth",""
"passed","Tue May 21 22:20:59 GMT 2024","Tue May 21 22:20:59 GMT 2024","1","tests.unit.backend.layers.utils","test_type_conversion_utils","","","","test_type_inference[parameters61]",""
"passed","Tue May 21 22:20:44 GMT 2024","Tue May 21 22:20:44 GMT 2024","4","tests.unit.backend.layers.api","test_curation_api","TestPostCollection","","","test__create_collection__strip_string_fields",""
"passed","Tue May 21 22:20:48 GMT 2024","Tue May 21 22:20:48 GMT 2024","5","tests.unit.backend.layers.api","test_portal_api","TestCollection","","","test__post_collection_sorts_consortia",""
"passed","Tue May 21 22:20:59 GMT 2024","Tue May 21 22:20:59 GMT 2024","0","tests.unit.backend.layers.utils","test_type_conversion_utils","","","","test_type_inference[parameters11]",""
"passed","Tue May 21 22:20:44 GMT 2024","Tue May 21 22:20:44 GMT 2024","22","tests.unit.backend.wmg.api.common","test_rollup","","","","test__rollup[no_compare_dim_one_of_the_tissues_has_no_gene_expressions_at_all-input_cell_counts_df3-expected_cell_counts_df3-input_gene_expr_df3-expected_gene_expr_df3]","
    Test that the `rollup` function correctly accumulates (or rolls up) gene-expression
    values FOR EACH expressed gene and cell count values up the cell type ANCESTOR paths
    grouped by (tissue_ontology_term_id, cell_type_ontology_term_id, <compare_dimension>).

    The input:

    1. A cell type ontology subgraph consisting of 4 cell types.

    CL:0000127
    ├── CL:0000644
    ├── CL:0002605
    └── CL:0002627

    2. A gene expression dataframe consisting of expression numeric values for each
    (gene_ontology_term_id, tissue_ontology_term_id, cell_type_ontology_term_id, <compare_dimension>) tuple.
    3. The gene expression dataframe also holds total cell counts per tissue_ontology_term_id.
    This value is held in a column called `n_cells_tissue`.
    6. A cell counts dataframe that consists of cell counts for each
    (tissue_ontology_term_id, cell_type_ontology_term_id, <compare_dimension>) tuple.
    7. We set the `n_cells_tissue` column values to 1000 for all rows
    in the gene expression dataframe.
    8. We set all other numeric column values to `1` in the gene expression dataframe.

    The expected output:

    1. A rolled up gene expression dataframe.
    2. A rolled up cell counts dataframe.
    3. Assert that `n_cells_tissue` column value in the rolled up gene expression dataframe
    does not change for all rows because it should not be rolled up the cell type ontology
    ancestor paths.
    4. Assert that other numeric column values (i.e the columns that are not `n_cells_tissue`)
    in the rolled up gene expression dataframe hold the correct rolled up values.
    5. Assert that the cell counts in the rolled up cell counts dataframe hold the correct
    rolled up values.
    "
"passed","Tue May 21 22:20:31 GMT 2024","Tue May 21 22:20:31 GMT 2024","0","tests.unit.scripts","test_zenhub_close","TestFilterIssues","","","test_filter_issues_with_blocking_issues",""
"passed","Tue May 21 22:20:31 GMT 2024","Tue May 21 22:20:31 GMT 2024","0","tests.unit.scripts","test_zenhub_close","TestFilterIssues","","","test_filter_issues_with_openprs",""
"passed","Tue May 21 22:21:27 GMT 2024","Tue May 21 22:21:27 GMT 2024","3","tests.unit.processing","test_dataset_submissions","TestDatasetSubmissions","","","test__upload_update_by_dataset_id_owner__OK","
        Processing starts when an update of a dataset is uploaded by its ID by the collection owner.
        "
"passed","Tue May 21 22:20:44 GMT 2024","Tue May 21 22:20:44 GMT 2024","31","tests.unit.backend.layers.api","test_curation_api","TestDeleteCollection","","","test__delete_public_collection",""
"passed","Tue May 21 22:20:31 GMT 2024","Tue May 21 22:20:31 GMT 2024","16","tests.unit.scripts","test_tombstone","TestTombstone","","","test__resurrect_collection",""
"passed","Tue May 21 22:20:59 GMT 2024","Tue May 21 22:20:59 GMT 2024","0","tests.unit.backend.layers.utils","test_type_conversion_utils","","","","test_type_inference[parameters26]",""
"passed","Tue May 21 22:20:50 GMT 2024","Tue May 21 22:20:50 GMT 2024","8","tests.unit.backend.layers.business","test_business","TestSetPreviousDatasetVersion","","","test_revision_with_no_previous_version",""
"passed","Tue May 21 22:22:09 GMT 2024","Tue May 21 22:22:09 GMT 2024","6","tests.unit.processing","test_process_download","TestProcessDownload","","","test_process_download_success","
        ProcessValidate should:
        1. Download the h5ad artifact
        2. Set upload status to UPLOADED
        3. upload the original file to S3
        "
"passed","Tue May 21 22:21:27 GMT 2024","Tue May 21 22:21:27 GMT 2024","48","tests.unit.processing","test_cxg_generation_utils","TestCxgGenerationUtils","","","test__convert_matrices_to_cxg_arrays__sparse_array_only_store_nonzeros",""
"passed","Tue May 21 22:21:27 GMT 2024","Tue May 21 22:21:27 GMT 2024","1","tests.unit.processing","test_dataset_submissions","TestDatasetSubmissions","","","test__missing_curator_file_name__raises_error",""
"passed","Tue May 21 22:20:50 GMT 2024","Tue May 21 22:20:50 GMT 2024","0","tests.unit.backend.layers.common","test_validation","","","","test__link__INVALID[other-google]",""
"passed","Tue May 21 22:21:27 GMT 2024","Tue May 21 22:21:27 GMT 2024","11","tests.unit.processing","test_dataset_metadata_update","TestUpdateMetadataHandler","","","test_update_metadata__missing_cxg",""
"passed","Tue May 21 22:20:49 GMT 2024","Tue May 21 22:20:49 GMT 2024","9","tests.unit.backend.layers.api","test_portal_api","TestPublishRevision","","","test__can_publish_owned_collection",""
"passed","Tue May 21 22:20:50 GMT 2024","Tue May 21 22:20:50 GMT 2024","9","tests.unit.backend.layers.business","test_business","TestCollectionOperations","","","test_publish_version_ok","
        A collection version can be published using `publish_collection`
        "
"passed","Tue May 21 22:20:48 GMT 2024","Tue May 21 22:20:48 GMT 2024","8","tests.unit.backend.layers.api","test_portal_api","TestCollection","","","test__post_collection_returns_id_on_success",""
"passed","Tue May 21 22:20:59 GMT 2024","Tue May 21 22:20:59 GMT 2024","0","tests.unit.backend.layers.utils","test_type_conversion_utils","","","","test_type_inference[parameters0]",""
"passed","Tue May 21 22:20:50 GMT 2024","Tue May 21 22:20:50 GMT 2024","0","tests.unit.backend.layers.common","test_validation","","","","test__link__INVALID[data_source-://]",""
"passed","Tue May 21 22:20:59 GMT 2024","Tue May 21 22:20:59 GMT 2024","1","tests.unit.backend.layers.utils","test_type_conversion_utils","","","","test_type_inference[parameters21]",""
"passed","Tue May 21 22:20:59 GMT 2024","Tue May 21 22:20:59 GMT 2024","0","tests.unit.backend.layers.utils","test_type_conversion_utils","","","","test_type_inference[parameters63]",""
"passed","Tue May 21 22:20:50 GMT 2024","Tue May 21 22:20:50 GMT 2024","14","tests.unit.backend.layers.business","test_business","TestCollectionUtilities","","","test__delete_datasets_from_public_access_bucket","
        Test Dataset deletes when tombstoning a public Collection with published and updated Datasets in an outstanding
        Revision
        "
"passed","Tue May 21 22:20:44 GMT 2024","Tue May 21 22:20:44 GMT 2024","13","tests.unit.backend.layers.api","test_curation_api","TestGetCollections","","","test__get_collections_no_auth_visibility_public__OK",""
"passed","Tue May 21 22:20:49 GMT 2024","Tue May 21 22:20:49 GMT 2024","5","tests.unit.backend.layers.api","test_portal_api","TestCollectionPostUploadLink","","","test__link_fake_collection__403",""
"passed","Tue May 21 22:20:58 GMT 2024","Tue May 21 22:20:58 GMT 2024","395","tests.unit.backend.layers.utils","test_color_conversion_utils","TestColorConversionUtils","","","test_anndata_colors_to_cxg_colors",""
"passed","Tue May 21 22:20:50 GMT 2024","Tue May 21 22:20:50 GMT 2024","6","tests.unit.backend.layers.business","test_business","TestUpdateDataset","","","test_update_dataset_artifact_ok","
        A dataset artifact can be updated using `update_dataset_artifact`
        "
"passed","Tue May 21 22:20:45 GMT 2024","Tue May 21 22:20:45 GMT 2024","9","tests.unit.backend.layers.api","test_curation_api","TestPatchCollectionID","","","test_update_collection_with_empty_required_fields",""
"passed","Tue May 21 22:20:47 GMT 2024","Tue May 21 22:20:47 GMT 2024","4","tests.unit.backend.layers.api","test_curation_api","TestPostDataset","","","test_post_datasets_with_collection_version_id_403",""
"passed","Tue May 21 22:20:37 GMT 2024","Tue May 21 22:21:03 GMT 2024","26281","tests.unit.wmg_processing","test_expression_summary_and_cell_counts","ExpressionSummaryAndCellCountsTests","","","test_expression_summary_and_cell_counts",""
"passed","Tue May 21 22:20:47 GMT 2024","Tue May 21 22:20:47 GMT 2024","7","tests.unit.backend.layers.api","test_curation_api","TestPostDataset","","","test_post_datasets_no_auth_401",""
"passed","Tue May 21 22:20:51 GMT 2024","Tue May 21 22:20:51 GMT 2024","1","tests.unit.backend.layers.thirdparty","test_crossref_provider","TestCrossrefProvider","","","test__provider_throws_exception_if_request_fails_with_404","
        Asserts a CrossrefFetchException if the GET request fails for any reason
        "
"passed","Tue May 21 22:21:27 GMT 2024","Tue May 21 22:21:27 GMT 2024","3","tests.unit.processing","test_dataset_metadata_update","TestValidArtifactStatuses","","","test_has_valid_artifact_statuses__invalid_h5ad_status_0",""
"passed","Tue May 21 22:20:45 GMT 2024","Tue May 21 22:20:45 GMT 2024","49","tests.unit.backend.layers.api","test_curation_api","TestGetDatasets","","","test_get_dataset_shape",""
"passed","Tue May 21 22:20:45 GMT 2024","Tue May 21 22:20:45 GMT 2024","4","tests.unit.backend.layers.api","test_curation_api","TestPatchCollectionID","","","test__update_collection__OK",""
"passed","Tue May 21 22:20:50 GMT 2024","Tue May 21 22:20:50 GMT 2024","1","tests.unit.backend.layers.common","test_validation","","","","test__link__INVALID[lab_website-://]",""
"passed","Tue May 21 22:22:08 GMT 2024","Tue May 21 22:22:08 GMT 2024","0","tests.unit.processing","test_handle_error","TestCleanupArtifacts","","","test_cleanup_artifacts__OK[validate]","Check that all artifacts are deleted for the given cases."
"passed","Tue May 21 22:20:58 GMT 2024","Tue May 21 22:20:59 GMT 2024","42","tests.unit.backend.layers.utils","test_secret_config","TestSecretConfig","","","test_from_aws",""
"passed","Tue May 21 22:20:45 GMT 2024","Tue May 21 22:20:45 GMT 2024","20","tests.unit.backend.layers.api","test_curation_api","TestGetDatasets","","","test_get_dataset_in_a_tombstoned_collection_410",""
"passed","Tue May 21 22:20:48 GMT 2024","Tue May 21 22:20:48 GMT 2024","16","tests.unit.backend.layers.api","test_portal_api","TestCollectionDeletion","","","test_delete_published_collection__ok","Published collections are tombstoned."
"passed","Tue May 21 22:20:47 GMT 2024","Tue May 21 22:20:47 GMT 2024","8","tests.unit.backend.layers.api","test_curation_api","TestPutLink","","","test__from_link__Not_Owner","
        Calling PUT /datasets/:dataset_id should fail with 403 Unauthorized
        if the authenticated user is not the owner of a collection
        "
"passed","Tue May 21 22:21:00 GMT 2024","Tue May 21 22:21:00 GMT 2024","14","tests.unit.backend.wmg.data","test_snapshot","","","","test_get_wmg_snapshot_fullpath[/tmp]",""
"passed","Tue May 21 22:20:47 GMT 2024","Tue May 21 22:20:47 GMT 2024","1","tests.unit.backend.layers.api","test_gene_info","GeneInfoAPIv1Tests","","","test_parse_xml_tree_missing_values","
        Returns correct dictionary with missing values if given XML tree with missing values
        "
"passed","Tue May 21 22:20:48 GMT 2024","Tue May 21 22:20:48 GMT 2024","18","tests.unit.backend.layers.api","test_portal_api","TestCollection","","","test__list_collection__check_owner__auth",""
"passed","Tue May 21 22:20:44 GMT 2024","Tue May 21 22:20:44 GMT 2024","19","tests.unit.backend.layers.api","test_curation_api","TestGetCollectionID","","","test__get_unbpublished_revision__OK",""
"passed","Tue May 21 22:20:59 GMT 2024","Tue May 21 22:20:59 GMT 2024","0","tests.unit.backend.layers.utils","test_type_conversion_utils","","","","test_type_inference[parameters71]",""
"passed","Tue May 21 22:20:51 GMT 2024","Tue May 21 22:20:51 GMT 2024","2","tests.unit.backend.layers.thirdparty","test_crossref_provider","TestCrossrefProvider","","","test__provider_throws_exception_if_request_fails","
        Asserts a CrossrefFetchException if the GET request fails for any reason
        "
"passed","Tue May 21 22:20:50 GMT 2024","Tue May 21 22:20:50 GMT 2024","0","tests.unit.backend.layers.common","test_validation","","","","test__link__INVALID[data_source-.com]",""
"passed","Tue May 21 22:22:10 GMT 2024","Tue May 21 22:22:10 GMT 2024","0","tests.unit.processing","test_spatial_assets_utils","","","","test__crop_to_aspect_ratio[55-30]","
    Test the cropping method to ensure the image is cropped to a square
    "
"passed","Tue May 21 22:20:59 GMT 2024","Tue May 21 22:20:59 GMT 2024","1","tests.unit.backend.layers.utils","test_type_conversion_utils","","","","test_type_inference[parameters41]",""
"passed","Tue May 21 22:21:26 GMT 2024","Tue May 21 22:21:26 GMT 2024","1","tests.unit.processing.schema_migration","test_dataset_migrate","TestDatasetMigrate","","","test_dataset_migrate_private",""
"passed","Tue May 21 22:20:48 GMT 2024","Tue May 21 22:20:48 GMT 2024","26","tests.unit.backend.layers.api","test_portal_api","TestCollection","","","test__get_collection_id__ok","Verify the test collection exists and the expected fields exist."
"passed","Tue May 21 22:20:49 GMT 2024","Tue May 21 22:20:49 GMT 2024","1","tests.unit.backend.layers.business","test_business","TestCreateCollection","","","test_create_collection_with_valid_doi_ok","
        A collection can be created with a valid DOI, and the publisher metadata will be added
        to the collection
        "
"passed","Tue May 21 22:20:48 GMT 2024","Tue May 21 22:20:48 GMT 2024","6","tests.unit.backend.layers.api","test_portal_api","TestUpdateCollection","","","test__add_new_collection_consortia",""
"passed","Tue May 21 22:20:49 GMT 2024","Tue May 21 22:20:49 GMT 2024","5","tests.unit.backend.layers.api","test_portal_api","TestPublishRevision","","","test__publish_revision_bad_id__403","
        Publish a collection with a bad uuid (non existant) returns 403
        "
"passed","Tue May 21 22:20:49 GMT 2024","Tue May 21 22:20:49 GMT 2024","19","tests.unit.backend.layers.business","test_business","TestUpdateCollection","","","test_update_collection_change_doi__trigger_dataset_artifact_updates","
        A collection updated with a new DOI and containing datasets should trigger artifact updates to update citation
        for each dataset
        "
"passed","Tue May 21 22:20:48 GMT 2024","Tue May 21 22:20:48 GMT 2024","6","tests.unit.backend.layers.api","test_portal_api","TestCollectionsCurators","","","test_update_non_owned_private_collection_as_super_curator__ok",""
"passed","Tue May 21 22:20:49 GMT 2024","Tue May 21 22:20:49 GMT 2024","5","tests.unit.backend.layers.business","test_business","TestSetCollectionVersionDatasetsOrder","","","test_set_collection_version_datasets_order_length_fail","
        Attempting to set the order of the datasets in a collection version with a list of different length should fail.
        "
"passed","Tue May 21 22:20:59 GMT 2024","Tue May 21 22:20:59 GMT 2024","2","tests.unit.backend.layers.utils","test_type_conversion_utils","TestTypeConversionUtils","","","test__get_dtypes_and_schemas_of_dataframe__dtype_and_schema_returns_as_expected",""
"passed","Tue May 21 22:20:49 GMT 2024","Tue May 21 22:20:49 GMT 2024","2","tests.unit.backend.layers.auth","test_auth_keys","TestKeys","","","test__get_key__401",""
"passed","Tue May 21 22:20:50 GMT 2024","Tue May 21 22:20:50 GMT 2024","2","tests.unit.backend.layers.business","test_business","TestUpdateDataset","","","test_add_dataset_artifact_wrong_type_fail","
        Adding a dataset artifact with an unsupported type should fail
        "
"passed","Tue May 21 22:21:28 GMT 2024","Tue May 21 22:21:28 GMT 2024","23","tests.unit.processing","test_h5ad_data_file","TestH5ADDataFile","","","test__create_h5ad_data_file__obs_and_var_index_names_specified_doesnt_exist_raises_exception",""
"passed","Tue May 21 22:20:57 GMT 2024","Tue May 21 22:20:58 GMT 2024","503","tests.unit.backend.wmg.api","test_v2","WmgApiV2Tests","","","test__query_no_genes__returns_200_and_correct_response",""
"passed","Tue May 21 22:20:45 GMT 2024","Tue May 21 22:20:45 GMT 2024","11","tests.unit.backend.layers.api","test_curation_api","TestGetDatasets","","","test_get_nonexistent_dataset_4xx",""
"passed","Tue May 21 22:20:48 GMT 2024","Tue May 21 22:20:48 GMT 2024","4","tests.unit.backend.layers.api","test_portal_api","TestUpdateCollection","","","test__update_collection_consortia",""
"passed","Tue May 21 22:20:49 GMT 2024","Tue May 21 22:20:49 GMT 2024","11","tests.unit.backend.layers.api","test_portal_api","TestPublishRevision","","","test__publish_revision_with_all_removed_datasets__409","
        Unable to publish a revision with no datasets.
        "
"passed","Tue May 21 22:20:45 GMT 2024","Tue May 21 22:20:45 GMT 2024","7","tests.unit.backend.layers.api","test_curation_api","TestPatchCollectionID","","","test__update_collection__consortia__OK",""
"passed","Tue May 21 22:20:59 GMT 2024","Tue May 21 22:20:59 GMT 2024","46","tests.unit.backend.layers.utils","test_secret_config","TestSecretConfig","","","test_when_item_is_in_config_but_not_in_env_and_use_env_is_not_set_we_use_config",""
"passed","Tue May 21 22:19:44 GMT 2024","Tue May 21 22:21:03 GMT 2024","79281","tests.unit.backend.cellguide.pipeline","test_gpt_descriptions","TestGptDescriptionGenerator","","","test__gpt_description_generator",""
"passed","Tue May 21 22:20:59 GMT 2024","Tue May 21 22:20:59 GMT 2024","1","tests.unit.backend.layers.utils","test_type_conversion_utils","","","","test_type_inference[parameters46]",""
"passed","Tue May 21 22:20:50 GMT 2024","Tue May 21 22:20:50 GMT 2024","6","tests.unit.backend.layers.business","test_business","TestGetDataset","","","test_get_dataset_status_for_uploaded_dataset_ok","
        Calling `get_dataset_status` should yield the processing status
        "
"passed","Tue May 21 22:20:44 GMT 2024","Tue May 21 22:20:44 GMT 2024","41","tests.unit.backend.layers.api","test_curation_api","TestDeleteCollection","","","test__delete_revision_collection_by_collection_version_id",""
"passed","Tue May 21 22:20:45 GMT 2024","Tue May 21 22:20:45 GMT 2024","9","tests.unit.backend.layers.api","test_curation_api","TestPatchCollectionID","","","test__update_collection__doi_does_not_exist__BAD_REQUEST",""
"passed","Tue May 21 22:20:48 GMT 2024","Tue May 21 22:20:48 GMT 2024","5","tests.unit.backend.layers.api","test_portal_api","TestUpdateCollection","","","test__update_collection_remove_doi_deletes_metadata",""
"passed","Tue May 21 22:21:27 GMT 2024","Tue May 21 22:21:27 GMT 2024","13","tests.unit.processing","test_dataset_metadata_update","TestDatasetMetadataUpdaterWorker","","","test_update_h5ad",""
"passed","Tue May 21 22:20:50 GMT 2024","Tue May 21 22:20:50 GMT 2024","11","tests.unit.backend.layers.business","test_business","TestCollectionOperations","","","test_create_collection_version_ok","
        A collection version can be created using `create_collection_version`
        "
"passed","Tue May 21 22:20:48 GMT 2024","Tue May 21 22:20:48 GMT 2024","4","tests.unit.backend.layers.api","test_portal_api","TestDataset","","","test__cancel_dataset_download__user_not_logged_in",""
"passed","Tue May 21 22:22:09 GMT 2024","Tue May 21 22:22:09 GMT 2024","1","tests.unit.processing","test_process_download","","","","test_estimate_resource_requirements_positive[adata3-memory_settings3-expected3]",""
"passed","Tue May 21 22:20:46 GMT 2024","Tue May 21 22:20:46 GMT 2024","29","tests.unit.backend.layers.api","test_curation_api","TestGetDatasets","","","test_get_tombstoned_dataset_in_a_collection_410",""
"passed","Tue May 21 22:21:26 GMT 2024","Tue May 21 22:21:26 GMT 2024","1","tests.unit.processing.schema_migration","test_dataset_migrate","TestDatasetMigrate","","","test_dataset_migrate_revision",""
"passed","Tue May 21 22:20:42 GMT 2024","Tue May 21 22:20:42 GMT 2024","303","tests.unit.backend.wmg.api.common","test_expression_dotplot","ExpressionDotPlotTest","","","test__query_agg_tissue_counts__returns_correct_result",""
"passed","Tue May 21 22:20:59 GMT 2024","Tue May 21 22:20:59 GMT 2024","6","tests.unit.backend.layers.utils","test_uri","TestRegisteredSources","","","test_from_uri",""
"passed","Tue May 21 22:20:49 GMT 2024","Tue May 21 22:20:49 GMT 2024","4","tests.unit.backend.layers.api","test_portal_api","TestRevision","","","test__revision_nonexistent__403","
        Start a revision on a non-existing collection.
        "
"passed","Tue May 21 22:20:50 GMT 2024","Tue May 21 22:20:50 GMT 2024","1","tests.unit.backend.layers.business","test_business","TestDeleteDataset","","","test_delete_artifacts_with_no_match",""
"passed","Tue May 21 22:20:59 GMT 2024","Tue May 21 22:20:59 GMT 2024","1","tests.unit.backend.layers.utils","test_type_conversion_utils","","","","test_type_inference[parameters13]",""
"passed","Tue May 21 22:20:50 GMT 2024","Tue May 21 22:20:50 GMT 2024","0","tests.unit.backend.layers.common","test_validation","","","","test__link__INVALID[protocol-https://]",""
"passed","Tue May 21 22:20:49 GMT 2024","Tue May 21 22:20:49 GMT 2024","7","tests.unit.backend.layers.api","test_portal_api","TestCollectionPutUploadLink","","","test__reupload_while_processing_dataset__405","cannot reupload a dataset that is pending"
"passed","Tue May 21 22:20:44 GMT 2024","Tue May 21 22:20:44 GMT 2024","15","tests.unit.backend.layers.api","test_curation_api","TestDeleteCollection","","","test__delete_private_collection",""
"passed","Tue May 21 22:21:26 GMT 2024","Tue May 21 22:21:26 GMT 2024","32","tests.unit.wmg_processing","test_filter_relationships","FilterRelationshipsTests","","","test_filter_relationships",""
"passed","Tue May 21 22:20:48 GMT 2024","Tue May 21 22:20:48 GMT 2024","10","tests.unit.backend.layers.api","test_portal_api","TestDataset","","","test__delete_public_dataset_returns__405",""
"passed","Tue May 21 22:20:59 GMT 2024","Tue May 21 22:20:59 GMT 2024","1","tests.unit.backend.layers.utils","test_type_conversion_utils","","","","test_type_inference[parameters57]",""
"passed","Tue May 21 22:20:59 GMT 2024","Tue May 21 22:20:59 GMT 2024","131","tests.unit.backend.wmg.api","test_v2","WmgApiV2Tests","","","test__query_total_cell_count_per_cell_type",""
"passed","Tue May 21 22:20:44 GMT 2024","Tue May 21 22:20:44 GMT 2024","12","tests.unit.backend.layers.api","test_curation_api","TestGetCollections","","","test__get_collections_with_auth__OK_1","The 'revising_in' attribute is None for unauthorized public collections"
"passed","Tue May 21 22:20:50 GMT 2024","Tue May 21 22:20:50 GMT 2024","0","tests.unit.backend.layers.common","test_validation","","","","test_invalid_characters_in_field[\x7ftext]",""
"passed","Tue May 21 22:20:59 GMT 2024","Tue May 21 22:20:59 GMT 2024","46","tests.unit.backend.layers.utils","test_secret_config","TestSecretConfig","","","test_when_item_is_in_config_and_is_in_env_and_use_env_is_set_we_use_env",""
"passed","Tue May 21 22:20:47 GMT 2024","Tue May 21 22:20:47 GMT 2024","4","tests.unit.backend.layers.api","test_curation_api","TestPostDataset","","","test_post_datasets_super",""
"passed","Tue May 21 22:22:09 GMT 2024","Tue May 21 22:22:09 GMT 2024","0","tests.unit.processing","test_process_download","","","","test_get_job_definion_name[environ1-dp-test-stack-ingest-process-fake_dataset_id]",""
"passed","Tue May 21 22:20:49 GMT 2024","Tue May 21 22:20:49 GMT 2024","8","tests.unit.backend.layers.api","test_portal_api","TestCollectionPostUploadLink","","","test__bad_link__400",""
"passed","Tue May 21 22:20:58 GMT 2024","Tue May 21 22:20:58 GMT 2024","1","tests.unit.backend.layers.utils","test_json","TestCustomJSONEncoder","","","test_enum",""
"passed","Tue May 21 22:22:09 GMT 2024","Tue May 21 22:22:09 GMT 2024","0","tests.unit.processing","test_process_download","","","","test_create_batch_job_definition_parameters",""
"passed","Tue May 21 22:20:49 GMT 2024","Tue May 21 22:20:49 GMT 2024","12","tests.unit.backend.layers.api","test_portal_api","TestCollectionPutUploadLink","","","test__reupload_published_dataset_during_revision__202","
        Reupload a published dataset during a revision
        "
"passed","Tue May 21 22:20:48 GMT 2024","Tue May 21 22:20:48 GMT 2024","6","tests.unit.backend.layers.api","test_portal_api","TestUpdateCollection","","","test__update_collection_new_doi_updates_metadata",""
"passed","Tue May 21 22:20:50 GMT 2024","Tue May 21 22:20:50 GMT 2024","0","tests.unit.backend.layers.common","test_validation","","","","test_invalid_characters_in_field[text\x01]",""
"passed","Tue May 21 22:20:47 GMT 2024","Tue May 21 22:20:47 GMT 2024","0","tests.unit.backend.layers.api","test_gene_info","GeneInfoAPIv1Tests","","","test_gene_checker","
        GeneChecker successfully creates a dictionary of gene names to gene IDs,
        checks validity of gene names, and returns ensembl ID for a gene name.
        "
"passed","Tue May 21 22:21:26 GMT 2024","Tue May 21 22:21:26 GMT 2024","2","tests.unit.processing.schema_migration","test_collection_migrate","TestCollectionMigrate","","","test_can_publish_true",""
"passed","Tue May 21 22:20:44 GMT 2024","Tue May 21 22:20:44 GMT 2024","24","tests.unit.backend.wmg.api.common","test_rollup","","","","test__rollup[no_compare_dim_one_ancestor_cell_type_missing_in_one_tissue_but_exists_in_all_others-input_cell_counts_df1-expected_cell_counts_df1-input_gene_expr_df1-expected_gene_expr_df1]","
    Test that the `rollup` function correctly accumulates (or rolls up) gene-expression
    values FOR EACH expressed gene and cell count values up the cell type ANCESTOR paths
    grouped by (tissue_ontology_term_id, cell_type_ontology_term_id, <compare_dimension>).

    The input:

    1. A cell type ontology subgraph consisting of 4 cell types.

    CL:0000127
    ├── CL:0000644
    ├── CL:0002605
    └── CL:0002627

    2. A gene expression dataframe consisting of expression numeric values for each
    (gene_ontology_term_id, tissue_ontology_term_id, cell_type_ontology_term_id, <compare_dimension>) tuple.
    3. The gene expression dataframe also holds total cell counts per tissue_ontology_term_id.
    This value is held in a column called `n_cells_tissue`.
    6. A cell counts dataframe that consists of cell counts for each
    (tissue_ontology_term_id, cell_type_ontology_term_id, <compare_dimension>) tuple.
    7. We set the `n_cells_tissue` column values to 1000 for all rows
    in the gene expression dataframe.
    8. We set all other numeric column values to `1` in the gene expression dataframe.

    The expected output:

    1. A rolled up gene expression dataframe.
    2. A rolled up cell counts dataframe.
    3. Assert that `n_cells_tissue` column value in the rolled up gene expression dataframe
    does not change for all rows because it should not be rolled up the cell type ontology
    ancestor paths.
    4. Assert that other numeric column values (i.e the columns that are not `n_cells_tissue`)
    in the rolled up gene expression dataframe hold the correct rolled up values.
    5. Assert that the cell counts in the rolled up cell counts dataframe hold the correct
    rolled up values.
    "
"passed","Tue May 21 22:20:58 GMT 2024","Tue May 21 22:20:58 GMT 2024","0","tests.unit.backend.layers.utils","test_math_utils","TestMathUtils","","","test__sizeof_formatted__converts_to_gb",""
"passed","Tue May 21 22:20:50 GMT 2024","Tue May 21 22:20:50 GMT 2024","0","tests.unit.backend.layers.common","test_validation","","","","test__link__INVALID[lab_website-.com]",""
"passed","Tue May 21 22:20:48 GMT 2024","Tue May 21 22:20:48 GMT 2024","16","tests.unit.backend.layers.api","test_portal_api","TestDataset","","","test__get_all_datasets_for_user_index",""
"passed","Tue May 21 22:20:44 GMT 2024","Tue May 21 22:20:44 GMT 2024","21","tests.unit.backend.wmg.api.common","test_rollup","","","","test__rollup[no_compare_dim_all_tissues_have_all_cell_types_except_root_cell_type-input_cell_counts_df5-expected_cell_counts_df5-input_gene_expr_df5-expected_gene_expr_df5]","
    Test that the `rollup` function correctly accumulates (or rolls up) gene-expression
    values FOR EACH expressed gene and cell count values up the cell type ANCESTOR paths
    grouped by (tissue_ontology_term_id, cell_type_ontology_term_id, <compare_dimension>).

    The input:

    1. A cell type ontology subgraph consisting of 4 cell types.

    CL:0000127
    ├── CL:0000644
    ├── CL:0002605
    └── CL:0002627

    2. A gene expression dataframe consisting of expression numeric values for each
    (gene_ontology_term_id, tissue_ontology_term_id, cell_type_ontology_term_id, <compare_dimension>) tuple.
    3. The gene expression dataframe also holds total cell counts per tissue_ontology_term_id.
    This value is held in a column called `n_cells_tissue`.
    6. A cell counts dataframe that consists of cell counts for each
    (tissue_ontology_term_id, cell_type_ontology_term_id, <compare_dimension>) tuple.
    7. We set the `n_cells_tissue` column values to 1000 for all rows
    in the gene expression dataframe.
    8. We set all other numeric column values to `1` in the gene expression dataframe.

    The expected output:

    1. A rolled up gene expression dataframe.
    2. A rolled up cell counts dataframe.
    3. Assert that `n_cells_tissue` column value in the rolled up gene expression dataframe
    does not change for all rows because it should not be rolled up the cell type ontology
    ancestor paths.
    4. Assert that other numeric column values (i.e the columns that are not `n_cells_tissue`)
    in the rolled up gene expression dataframe hold the correct rolled up values.
    5. Assert that the cell counts in the rolled up cell counts dataframe hold the correct
    rolled up values.
    "
"passed","Tue May 21 22:20:48 GMT 2024","Tue May 21 22:20:48 GMT 2024","5","tests.unit.backend.layers.api","test_portal_api","TestDataset","","","test__get_dataset_asset__asset_NOT_FOUND",""
"passed","Tue May 21 22:20:49 GMT 2024","Tue May 21 22:20:49 GMT 2024","7","tests.unit.backend.layers.api","test_portal_api","TestPublishRevision","","","test__publish_revision_as_not_owner__403","
        Publish a collection as a non-owner returns 403
        "
"passed","Tue May 21 22:20:50 GMT 2024","Tue May 21 22:20:50 GMT 2024","0","tests.unit.backend.layers.common","test_validation","","","","test__link__INVALID[other-google.com]",""
"passed","Tue May 21 22:20:49 GMT 2024","Tue May 21 22:20:49 GMT 2024","7","tests.unit.backend.layers.business","test_business","TestSetCollectionVersionDatasetsOrder","","","test_set_collection_version_datasets_order_no_custom_order_ok","
        The order of the datasets in a collection version is the default cell count, descending.
        "
"passed","Tue May 21 22:20:50 GMT 2024","Tue May 21 22:20:50 GMT 2024","1","tests.unit.backend.layers.common","test_validation","","","","test_blank_fields",""
"passed","Tue May 21 22:22:10 GMT 2024","Tue May 21 22:22:10 GMT 2024","5","tests.unit.processing","test_processing","ProcessingTest","","","test_reprocess_cxg_success",""
"passed","Tue May 21 22:21:27 GMT 2024","Tue May 21 22:21:27 GMT 2024","3","tests.unit.processing","test_dataset_metadata_update","TestUpdateMetadataHandler","","","test_update_metadata__current_dataset_version_bad_processing_status",""
"passed","Tue May 21 22:20:50 GMT 2024","Tue May 21 22:20:50 GMT 2024","13","tests.unit.backend.layers.business","test_business","TestCollectionOperations","","","test_delete_collection_version_ok","
        A collection version can be deleted using `delete_collection_version`
        "
"passed","Tue May 21 22:20:49 GMT 2024","Tue May 21 22:20:49 GMT 2024","9","tests.unit.backend.layers.api","test_portal_api","TestCollectionPutUploadLink","","","test__reupload_unpublished_dataset__202","
        Reuploads an unpublished dataset
        "
"passed","Tue May 21 22:20:50 GMT 2024","Tue May 21 22:20:50 GMT 2024","1","tests.unit.backend.layers.business","test_business","TestCollectionOperations","","","test_collection_url",""
"passed","Tue May 21 22:20:47 GMT 2024","Tue May 21 22:20:47 GMT 2024","3","tests.unit.backend.layers.api","test_curation_api","TestPostRevision","","","test__post_revision__Not_Public",""
"passed","Tue May 21 22:20:49 GMT 2024","Tue May 21 22:20:49 GMT 2024","5","tests.unit.backend.layers.api","test_portal_api","TestCollectionPutUploadLink","","","test__dataset_not_in_collection__404","
        Trying to publish a dataset belonging to a different collection raises a 404
        "
"passed","Tue May 21 22:20:44 GMT 2024","Tue May 21 22:20:45 GMT 2024","126","tests.unit.backend.layers.api","test_curation_api","TestGetCollectionID","","","test_get_collection_dynamic_fields",""
"passed","Tue May 21 22:21:27 GMT 2024","Tue May 21 22:21:27 GMT 2024","3","tests.unit.processing","test_dataset_metadata_update","TestValidArtifactStatuses","","","test_has_valid_artifact_statuses_0",""
"passed","Tue May 21 22:23:36 GMT 2024","Tue May 21 22:23:37 GMT 2024","563","tests.unit.wmg_processing","test_primary_filter_dimensions","PrimaryFilterDimensionsTests","","","test_primary_filter_dimensions",""
"passed","Tue May 21 22:20:48 GMT 2024","Tue May 21 22:20:48 GMT 2024","4","tests.unit.backend.layers.api","test_portal_api","TestCollection","","","test__get_collection_id__403_not_found","
        GET /collections/:collection_id returns 403 if an invalid is specified
        "
"passed","Tue May 21 22:20:48 GMT 2024","Tue May 21 22:20:48 GMT 2024","11","tests.unit.backend.layers.api","test_portal_api","TestDataset","","","test__get_all_datasets_for_index_with_ontology_expansion",""
"passed","Tue May 21 22:21:27 GMT 2024","Tue May 21 22:21:27 GMT 2024","0","tests.unit.processing.schema_migration","test_publish_revisions","TestPublishRevisions","","","test_check_datasets_not_latest_version","Check datasets when one of the dataset has not been migrated to the latest schema version."
"passed","Tue May 21 22:20:59 GMT 2024","Tue May 21 22:20:59 GMT 2024","1","tests.unit.backend.layers.utils","test_type_conversion_utils","","","","test_type_inference[parameters70]",""
"passed","Tue May 21 22:20:50 GMT 2024","Tue May 21 22:20:50 GMT 2024","4","tests.unit.backend.layers.business","test_business","TestUpdateDataset","","","test_add_dataset_artifact_ok","
        A dataset artifact can be added using `add_dataset_artifact`
        "
"passed","Tue May 21 22:20:44 GMT 2024","Tue May 21 22:20:44 GMT 2024","27","tests.unit.backend.wmg.api.common","test_rollup","","","","test__rollup[no_compare_dim_all_tissues_have_all_cell_types-input_cell_counts_df0-expected_cell_counts_df0-input_gene_expr_df0-expected_gene_expr_df0]","
    Test that the `rollup` function correctly accumulates (or rolls up) gene-expression
    values FOR EACH expressed gene and cell count values up the cell type ANCESTOR paths
    grouped by (tissue_ontology_term_id, cell_type_ontology_term_id, <compare_dimension>).

    The input:

    1. A cell type ontology subgraph consisting of 4 cell types.

    CL:0000127
    ├── CL:0000644
    ├── CL:0002605
    └── CL:0002627

    2. A gene expression dataframe consisting of expression numeric values for each
    (gene_ontology_term_id, tissue_ontology_term_id, cell_type_ontology_term_id, <compare_dimension>) tuple.
    3. The gene expression dataframe also holds total cell counts per tissue_ontology_term_id.
    This value is held in a column called `n_cells_tissue`.
    6. A cell counts dataframe that consists of cell counts for each
    (tissue_ontology_term_id, cell_type_ontology_term_id, <compare_dimension>) tuple.
    7. We set the `n_cells_tissue` column values to 1000 for all rows
    in the gene expression dataframe.
    8. We set all other numeric column values to `1` in the gene expression dataframe.

    The expected output:

    1. A rolled up gene expression dataframe.
    2. A rolled up cell counts dataframe.
    3. Assert that `n_cells_tissue` column value in the rolled up gene expression dataframe
    does not change for all rows because it should not be rolled up the cell type ontology
    ancestor paths.
    4. Assert that other numeric column values (i.e the columns that are not `n_cells_tissue`)
    in the rolled up gene expression dataframe hold the correct rolled up values.
    5. Assert that the cell counts in the rolled up cell counts dataframe hold the correct
    rolled up values.
    "
"passed","Tue May 21 22:20:45 GMT 2024","Tue May 21 22:20:45 GMT 2024","17","tests.unit.backend.layers.api","test_curation_api","TestGetDatasets","","","test_get_dataset_is_primary_data_shape",""
"passed","Tue May 21 22:20:44 GMT 2024","Tue May 21 22:20:44 GMT 2024","3","tests.unit.backend.layers.api","test_curation_api","TestPostCollection","","","test__create_collection__OK",""
"passed","Tue May 21 22:21:29 GMT 2024","Tue May 21 22:21:29 GMT 2024","142","tests.unit.processing","test_h5ad_data_file","TestH5ADDataFile","","","test__to_cxg__simple_anndata_with_corpora_and_sparse",""
"passed","Tue May 21 22:20:45 GMT 2024","Tue May 21 22:20:45 GMT 2024","2","tests.unit.backend.wmg.api","test_v2","WmgApiV2Tests","","","test__filter_request_with_query_key_not_specified_in_api_spec_returns_400",""
"passed","Tue May 21 22:20:44 GMT 2024","Tue May 21 22:20:44 GMT 2024","3","tests.unit.backend.layers.api","test_curation_api","TestGetCollectionID","","","test__get_public_collection_verify_consortia_sorted__OK_2",""
"passed","Tue May 21 22:23:27 GMT 2024","Tue May 21 22:23:27 GMT 2024","0","tests.unit.wmg_processing","test_ontology_labels","OntologyLabelTests","","","test__gene_label",""
"passed","Tue May 21 22:21:27 GMT 2024","Tue May 21 22:21:27 GMT 2024","10","tests.unit.processing","test_dataset_metadata_update","TestUpdateMetadataHandler","","","test_update_metadata__rds_skipped",""
"passed","Tue May 21 22:20:49 GMT 2024","Tue May 21 22:20:49 GMT 2024","6","tests.unit.backend.layers.api","test_portal_api","TestCollectionUploadLinkCurators","","","test__can_upload_dataset_to_non_owned_collection_as_super_curator","
        A super curator can upload a dataset to a non-owned collection
        "
"passed","Tue May 21 22:20:59 GMT 2024","Tue May 21 22:20:59 GMT 2024","1","tests.unit.backend.layers.utils","test_type_conversion_utils","","","","test_type_inference[parameters3]",""
"passed","Tue May 21 22:20:44 GMT 2024","Tue May 21 22:20:44 GMT 2024","0","tests.unit.backend.wmg.api.common","test_wmg_api_helpers","","","","test_sanitize_api_query_dict[input_query4-expected_sanitized_query4]",""
"passed","Tue May 21 22:20:49 GMT 2024","Tue May 21 22:20:49 GMT 2024","5","tests.unit.backend.layers.business","test_business","TestSetCollectionVersionDatasetsOrder","","","test_set_collection_version_datasets_order_invalid_dataset_fail","
        Attempting to set the order of the datasets in a collection version with a list that contains an invalid
        dataset should fail.
        "
"passed","Tue May 21 22:20:25 GMT 2024","Tue May 21 22:20:25 GMT 2024","0","tests.unit.wmg_processing","test_cube_pipeline","TestCubePipe","","","test_versioned_s3_paths","
        Tests that the path we use for writing the snapshot is the versioned path.

        NOTE: Ideally, we would want this to be a true test of the cube pipeline that actually runs the pipeline,
        mocks the S3 upload, and then verifies that the API reads are pulling from the correct mocked S3 files.
        This way, we're testing the high-level functionality of the cube pipeline and the API calls directly.
        Since our testing infra doesn't currently support S3 mocks well, the past of least resistance is to test
        the lower level functions that WMG uses to figure out where to write and read snapshots from.
        "
"passed","Tue May 21 22:20:59 GMT 2024","Tue May 21 22:20:59 GMT 2024","1","tests.unit.backend.layers.utils","test_type_conversion_utils","","","","test_type_inference[parameters51]",""
"passed","Tue May 21 22:20:59 GMT 2024","Tue May 21 22:20:59 GMT 2024","0","tests.unit.backend.layers.utils","test_type_conversion_utils","","","","test_type_inference[parameters29]",""
"passed","Tue May 21 22:20:50 GMT 2024","Tue May 21 22:20:50 GMT 2024","1","tests.unit.backend.layers.business","test_business","TestDeleteDataset","","","test_delete_artifacts_delete_h5ad",""
"passed","Tue May 21 22:20:59 GMT 2024","Tue May 21 22:20:59 GMT 2024","0","tests.unit.backend.layers.utils","test_type_conversion_utils","","","","test_type_inference[parameters116]",""
"passed","Tue May 21 22:21:27 GMT 2024","Tue May 21 22:21:27 GMT 2024","3","tests.unit.processing","test_dataset_metadata_update","TestValidArtifactStatuses","","","test_has_valid_artifact_statuses__invalid_rds_status_0",""
"passed","Tue May 21 22:20:50 GMT 2024","Tue May 21 22:20:50 GMT 2024","0","tests.unit.backend.layers.common","test_validation","","","","test__link__INVALID[doi-https://]",""
"passed","Tue May 21 22:21:29 GMT 2024","Tue May 21 22:21:29 GMT 2024","1","tests.unit.processing","test_handle_error","","","","test_parse_event_with_empty_event",""
"passed","Tue May 21 22:20:49 GMT 2024","Tue May 21 22:20:49 GMT 2024","8","tests.unit.backend.layers.api","test_portal_api","TestCollectionUploadLinkCurators","","","test__can_reupload_dataset_as_super_curator","
        A super curator can reupload a dataset to a non-owned collection
        "
"passed","Tue May 21 22:20:47 GMT 2024","Tue May 21 22:20:47 GMT 2024","6","tests.unit.backend.layers.api","test_curation_api","TestAuthToken","","","test__post_token__201",""
"passed","Tue May 21 22:22:17 GMT 2024","Tue May 21 22:23:30 GMT 2024","72987","tests.unit.backend.cellguide.pipeline","test_metadata_generator","TestMetadataGenerator","","","test__tissue_metadata_generator",""
"passed","Tue May 21 22:20:59 GMT 2024","Tue May 21 22:20:59 GMT 2024","1","tests.unit.backend.layers.utils","test_type_conversion_utils","","","","test_type_inference[parameters104]",""
"passed","Tue May 21 22:21:26 GMT 2024","Tue May 21 22:21:26 GMT 2024","1","tests.unit.processing.schema_migration","test_collection_migrate","TestCollectionMigrate","","","test_no_datasets",""
"passed","Tue May 21 22:20:49 GMT 2024","Tue May 21 22:20:49 GMT 2024","6","tests.unit.backend.layers.business","test_business","TestUpdateCollection","","","test_update_collection_partial_ok","
        `update_collection` should support partial updates: if only a subset of the fields are specified,
        the previous field should not be modified
        "
"passed","Tue May 21 22:20:59 GMT 2024","Tue May 21 22:20:59 GMT 2024","0","tests.unit.backend.layers.utils","test_type_conversion_utils","","","","test_type_inference[parameters107]",""
"passed","Tue May 21 22:20:58 GMT 2024","Tue May 21 22:20:58 GMT 2024","39","tests.unit.backend.layers.utils","test_aws_secret","TestAwsSecret","","","test_value_of_unknown_secret_raises_exception",""
"passed","Tue May 21 22:20:44 GMT 2024","Tue May 21 22:20:44 GMT 2024","4","tests.unit.backend.layers.api","test_app","TestAPI","","","test__catchall_exception_handler",""
