"DESCRIPTION","DURATION IN MS","NAME","PARENT SUITE","START TIME","STATUS","STOP TIME","SUB SUITE","SUITE","TEST CLASS","TEST METHOD"
"","1","test_from_file","tests.unit.backend.layers.utils","Thu Apr 10 14:35:55 GMT 2025","passed","Thu Apr 10 14:35:55 GMT 2025","TestSecretConfig","test_secret_config","",""
"","0","test_remove_duplicate_dataset_assets","tests.unit.backend.common","Thu Apr 10 14:35:57 GMT 2025","passed","Thu Apr 10 14:35:57 GMT 2025","","test_common","",""
"A manifest is provided with a fragment, and the anndata does not require one. This will fail
        validation.","1","test_not_atac_and_fragment","tests.unit.processing","Thu Apr 10 14:36:29 GMT 2025","passed","Thu Apr 10 14:36:29 GMT 2025","TestSkipATACValidation","test_process_validate_atac","",""
"","0","test_type_inference[parameters53]","tests.unit.processing","Thu Apr 10 14:36:35 GMT 2025","passed","Thu Apr 10 14:36:35 GMT 2025","","test_type_conversion_utils","",""
"","2","test_generate_dataset_citation","tests.unit.backend.layers.business","Thu Apr 10 14:35:48 GMT 2025","passed","Thu Apr 10 14:35:48 GMT 2025","TestDatasetArtifactMetadataUpdates","test_business","",""
"","3","test__get_manifest_by_missing_dataset_id_fails","tests.unit.backend.layers.api","Thu Apr 10 14:35:44 GMT 2025","passed","Thu Apr 10 14:35:44 GMT 2025","TestGetDatasetManifest","test_curation_api","",""
"","3","test__delete_key__401","tests.unit.backend.layers.auth","Thu Apr 10 14:35:46 GMT 2025","passed","Thu Apr 10 14:35:46 GMT 2025","TestKeys","test_auth_keys","",""
"
        When publishing an auto_version, do NOT cleanup dataset versions from an open revision
        ","22","test_publish_version_cleanup_with_auto_version","tests.unit.backend.layers.business","Thu Apr 10 14:35:48 GMT 2025","passed","Thu Apr 10 14:35:48 GMT 2025","TestCollectionOperations","test_business","",""
"","1","test_delete_artifacts_with_no_match","tests.unit.backend.layers.business","Thu Apr 10 14:35:47 GMT 2025","passed","Thu Apr 10 14:35:47 GMT 2025","TestDeleteDataset","test_business","",""
"","0","test__link__INVALID[doi-https://]","tests.unit.backend.layers.common","Thu Apr 10 14:35:48 GMT 2025","passed","Thu Apr 10 14:35:48 GMT 2025","","test_validation","",""
"","3","test__generate_s3_credentials__No_Auth","tests.unit.backend.layers.api","Thu Apr 10 14:35:41 GMT 2025","passed","Thu Apr 10 14:35:41 GMT 2025","TestS3Credentials","test_curation_api","",""
"","0","test_convert_color_to_hex_format","tests.unit.processing","Thu Apr 10 14:36:25 GMT 2025","passed","Thu Apr 10 14:36:25 GMT 2025","TestColorConversionUtils","test_color_conversion_utils","",""
"","3","test__update_collection__no_auth","tests.unit.backend.layers.api","Thu Apr 10 14:35:42 GMT 2025","passed","Thu Apr 10 14:35:42 GMT 2025","TestPatchCollectionID","test_curation_api","",""
"","14","test__get_only_private_collections_with_auth__OK","tests.unit.backend.layers.api","Thu Apr 10 14:35:41 GMT 2025","passed","Thu Apr 10 14:35:41 GMT 2025","TestGetCollections","test_curation_api","",""
"","1","test_type_inference[parameters85]","tests.unit.processing","Thu Apr 10 14:36:35 GMT 2025","passed","Thu Apr 10 14:36:35 GMT 2025","","test_type_conversion_utils","",""
"
        Given a canonical dataset id, return all its DatasetVersions that have been part of published CollectionVersions
        ","40","test_get_prior_published_versions_for_dataset","tests.unit.backend.layers.business","Thu Apr 10 14:35:47 GMT 2025","passed","Thu Apr 10 14:35:47 GMT 2025","TestGetDataset","test_business","",""
"","0","test__gene_label","tests.unit.wmg_processing","Thu Apr 10 14:38:56 GMT 2025","passed","Thu Apr 10 14:38:56 GMT 2025","OntologyLabelTests","test_ontology_labels","",""
"
        All the collection versions for all collections should be returned by `get_collections`, including published,
        unpublished, and all owners.
        ","49","test_get_all_collections_unfiltered_ok","tests.unit.backend.layers.business","Thu Apr 10 14:35:46 GMT 2025","passed","Thu Apr 10 14:35:46 GMT 2025","TestGetAllCollections","test_business","",""
"","8","test__post_revision__Not_Owner","tests.unit.backend.layers.api","Thu Apr 10 14:35:44 GMT 2025","passed","Thu Apr 10 14:35:44 GMT 2025","TestPostRevision","test_curation_api","",""
"","0","test_datetime","tests.unit.backend.layers.utils","Thu Apr 10 14:35:55 GMT 2025","passed","Thu Apr 10 14:35:55 GMT 2025","TestCustomJSONEncoder","test_json","",""
"","49","test_custom_secret_name","tests.unit.backend.layers.utils","Thu Apr 10 14:35:55 GMT 2025","passed","Thu Apr 10 14:35:55 GMT 2025","TestSecretConfig","test_secret_config","",""
"","2","test_close_ready_for_prod_with_issues_to_close","tests.unit.scripts","Thu Apr 10 14:35:43 GMT 2025","passed","Thu Apr 10 14:35:43 GMT 2025","TestCloseReadyForProd","test_zenhub_close","",""
"","29","test_get_dataset_in_a_collection","tests.unit.backend.layers.api","Thu Apr 10 14:35:42 GMT 2025","passed","Thu Apr 10 14:35:42 GMT 2025","TestGetDatasets","test_curation_api","",""
"","1","test_delete_artifacts_delete_no_artifacts","tests.unit.backend.layers.business","Thu Apr 10 14:35:47 GMT 2025","passed","Thu Apr 10 14:35:47 GMT 2025","TestDeleteDataset","test_business","",""
"","0","test__link__INVALID[protocol-://]","tests.unit.backend.layers.common","Thu Apr 10 14:35:48 GMT 2025","passed","Thu Apr 10 14:35:48 GMT 2025","","test_validation","",""
"","0","test_positive","tests.unit.scripts","Thu Apr 10 14:35:43 GMT 2025","passed","Thu Apr 10 14:35:43 GMT 2025","TestFilterIssues","test_zenhub_close","",""
"","0","test_type_inference[parameters57]","tests.unit.processing","Thu Apr 10 14:36:35 GMT 2025","passed","Thu Apr 10 14:36:35 GMT 2025","","test_type_conversion_utils","",""
"
        Artifacts belonging to a dataset can be obtained with `get_dataset_artifacts`
        ","7","test_get_dataset_artifacts_ok","tests.unit.backend.layers.business","Thu Apr 10 14:35:47 GMT 2025","passed","Thu Apr 10 14:35:47 GMT 2025","TestGetDataset","test_business","",""
"","1","test_get_spatial_metadata__is_single_false","tests.unit.processing","Thu Apr 10 14:36:27 GMT 2025","passed","Thu Apr 10 14:36:27 GMT 2025","TestAddLabels","test_extract_metadata","",""
"","1","test_type_inference[parameters76]","tests.unit.processing","Thu Apr 10 14:36:35 GMT 2025","passed","Thu Apr 10 14:36:35 GMT 2025","","test_type_conversion_utils","",""
"","0","test_type_inference[parameters9]","tests.unit.processing","Thu Apr 10 14:36:35 GMT 2025","passed","Thu Apr 10 14:36:35 GMT 2025","","test_type_conversion_utils","",""
"
        A dataset can be added to a collection when `ingest_dataset` is called.
        The resulting dataset should be empty and in a state ready for processing.
        ","2","test_add_dataset_to_unpublished_collection_ok","tests.unit.backend.layers.business","Thu Apr 10 14:35:47 GMT 2025","passed","Thu Apr 10 14:35:47 GMT 2025","TestUpdateCollectionDatasets","test_business","",""
"","0","test__link__INVALID[raw_data-.com]","tests.unit.backend.layers.common","Thu Apr 10 14:35:48 GMT 2025","passed","Thu Apr 10 14:35:48 GMT 2025","","test_validation","",""
"","7","test__update_collection__doi__OK","tests.unit.backend.layers.api","Thu Apr 10 14:35:41 GMT 2025","passed","Thu Apr 10 14:35:41 GMT 2025","TestPatchCollectionID","test_curation_api","",""
"","6","test__validate_with_valid_s3_uri__ok","tests.unit.backend.layers.utils","Thu Apr 10 14:35:56 GMT 2025","passed","Thu Apr 10 14:35:56 GMT 2025","TestS3URI","test_uri","",""
"Check that all artifacts are deleted for the given cases.","1","test_cleanup_artifacts__None_OK","tests.unit.processing","Thu Apr 10 14:36:29 GMT 2025","passed","Thu Apr 10 14:36:29 GMT 2025","TestCleanupArtifacts","test_handle_error","",""
"","1","test_anndata_validation_failure[{""anndata"": 1234}]","tests.unit.backend.common","Thu Apr 10 14:35:57 GMT 2025","passed","Thu Apr 10 14:35:57 GMT 2025","","test_manifest","",""
"
        Calling PUT /datasets/:dataset_id on an existing dataset_id should succeed if a valid link is uploaded by the
        owner of the collection or a super curator
        ","46","test__existing_from_link__OK","tests.unit.backend.layers.api","Thu Apr 10 14:35:44 GMT 2025","passed","Thu Apr 10 14:35:44 GMT 2025","TestPutManifest","test_curation_api","",""
"","2","test__query_missing_organism__request_returns_400","tests.unit.backend.wmg.api","Thu Apr 10 14:35:37 GMT 2025","passed","Thu Apr 10 14:35:37 GMT 2025","WmgApiV2Tests","test_v2","",""
"","0","test_invalid_characters_in_field[text\x1f]","tests.unit.backend.layers.common","Thu Apr 10 14:35:48 GMT 2025","passed","Thu Apr 10 14:35:48 GMT 2025","","test_validation","",""
"
        The check for changes in Crossref returns the existing DOI and the returned Crossref DOI if there is a
        change between the two.
        ","23","test_update_crossref_metadata_changed_doi_returns_doi_update_ok","tests.unit.backend.layers.business","Thu Apr 10 14:35:48 GMT 2025","passed","Thu Apr 10 14:35:48 GMT 2025","TestCollectionOperations","test_business","",""
"","12","test_delete_of_unknown_secret_raises_exception","tests.unit.backend.layers.utils","Thu Apr 10 14:35:51 GMT 2025","passed","Thu Apr 10 14:35:51 GMT 2025","TestAwsSecret","test_aws_secret","",""
"","1","test_type_inference[parameters88]","tests.unit.processing","Thu Apr 10 14:36:35 GMT 2025","passed","Thu Apr 10 14:36:35 GMT 2025","","test_type_conversion_utils","",""
"","0","test_type_inference[parameters38]","tests.unit.processing","Thu Apr 10 14:36:35 GMT 2025","passed","Thu Apr 10 14:36:35 GMT 2025","","test_type_conversion_utils","",""
"
        Calling PUT /datasets/:dataset_id should fail with 403 Unauthorized
        if trying to upload to a published collection
        ","12","test__from_link__Not_Public","tests.unit.backend.layers.api","Thu Apr 10 14:35:44 GMT 2025","passed","Thu Apr 10 14:35:44 GMT 2025","TestPutLink","test_curation_api","",""
"","1","test_delete_skipped[DatasetConversionStatus.NA]","tests.unit.processing","Thu Apr 10 14:36:29 GMT 2025","passed","Thu Apr 10 14:36:29 GMT 2025","TestDeleteAtacFragmentFiles","test_handle_error","",""
"","1","test_type_inference[parameters22]","tests.unit.processing","Thu Apr 10 14:36:35 GMT 2025","passed","Thu Apr 10 14:36:35 GMT 2025","","test_type_conversion_utils","",""
"","2354","test_expression_summary_default","tests.unit.wmg_processing","Thu Apr 10 14:37:28 GMT 2025","passed","Thu Apr 10 14:37:30 GMT 2025","ExpressionSummaryDefaultTests","test_expression_summary_default","",""
"","60","test__create_h5ad_data_file__copy_if_var_index_name_not_in_columns","tests.unit.processing","Thu Apr 10 14:36:27 GMT 2025","passed","Thu Apr 10 14:36:27 GMT 2025","TestH5ADDataFile","test_h5ad_data_file","",""
"
        Calling DELETE /collections/:collection_id/datasets/:dataset_id should work according to the
        auth token passed and when using canonical ids. In this case, the unpublished collection
        version will be looked up and used for deletion.
        ","18","test__delete_dataset_by_canonical_id","tests.unit.backend.layers.api","Thu Apr 10 14:35:42 GMT 2025","passed","Thu Apr 10 14:35:42 GMT 2025","TestDeleteDataset","test_curation_api","",""
"","4","test__update_with_invalid_collection_consortia","tests.unit.backend.layers.api","Thu Apr 10 14:35:45 GMT 2025","passed","Thu Apr 10 14:35:45 GMT 2025","TestUpdateCollection","test_portal_api","",""
"","0","test_invalid_characters_in_field[\x7ftext]","tests.unit.backend.layers.common","Thu Apr 10 14:35:48 GMT 2025","passed","Thu Apr 10 14:35:48 GMT 2025","","test_validation","",""
"","1","test_sanitize_api_query_dict[input_query4-expected_sanitized_query4]","tests.unit.backend.wmg.api.common","Thu Apr 10 14:35:12 GMT 2025","passed","Thu Apr 10 14:35:12 GMT 2025","","test_wmg_api_helpers","",""
"","17","test_get_dataset_is_primary_data_shape","tests.unit.backend.layers.api","Thu Apr 10 14:35:42 GMT 2025","passed","Thu Apr 10 14:35:42 GMT 2025","TestGetDatasets","test_curation_api","",""
"","1","test_type_inference[parameters80]","tests.unit.processing","Thu Apr 10 14:36:35 GMT 2025","passed","Thu Apr 10 14:36:35 GMT 2025","","test_type_conversion_utils","",""
"","15","test_get_wmg_snapshot_fullpath[None]","tests.unit.backend.wmg.data","Thu Apr 10 14:35:40 GMT 2025","passed","Thu Apr 10 14:35:40 GMT 2025","","test_snapshot","",""
"","0","test_type_inference[parameters13]","tests.unit.processing","Thu Apr 10 14:36:35 GMT 2025","passed","Thu Apr 10 14:36:35 GMT 2025","","test_type_conversion_utils","",""
"","4","test__remove_collection_consortia","tests.unit.backend.layers.api","Thu Apr 10 14:35:45 GMT 2025","passed","Thu Apr 10 14:35:45 GMT 2025","TestUpdateCollection","test_portal_api","",""
"","0","test__validate_with_invalid_s3_uri__returns_none","tests.unit.backend.layers.utils","Thu Apr 10 14:35:56 GMT 2025","passed","Thu Apr 10 14:35:56 GMT 2025","TestS3URI","test_uri","",""
"
        When publishing a revision - and there is no change in DOI - publisher metadata should be updated
        if the deposited date is after the revised at or published at date of the corresponding collection.
        ","15","test_publish_revision_same_doi_publisher_metadata_updated_ok","tests.unit.backend.layers.business","Thu Apr 10 14:35:48 GMT 2025","passed","Thu Apr 10 14:35:48 GMT 2025","TestCollectionOperations","test_business","",""
"","12537","test__cell_metadata_generator","tests.unit.backend.cellguide.pipeline","Thu Apr 10 14:36:44 GMT 2025","passed","Thu Apr 10 14:36:57 GMT 2025","TestMetadataGenerator","test_metadata_generator","",""
"","0","test_format_issue","tests.unit.scripts","Thu Apr 10 14:35:43 GMT 2025","passed","Thu Apr 10 14:35:43 GMT 2025","","test_zenhub_close","",""
"
        `publish_collection_version` should fail if called on a collection version with datasets that have mismatching
        schema versions
        ","6","test_publish_version_fails_on_mismatching_dataset_schema_versions","tests.unit.backend.layers.business","Thu Apr 10 14:35:48 GMT 2025","passed","Thu Apr 10 14:35:48 GMT 2025","TestCollectionOperations","test_business","",""
"","1","test_type_inference[parameters37]","tests.unit.processing","Thu Apr 10 14:36:35 GMT 2025","passed","Thu Apr 10 14:36:35 GMT 2025","","test_type_conversion_utils","",""
"","1","test_type_inference[parameters42]","tests.unit.processing","Thu Apr 10 14:36:35 GMT 2025","passed","Thu Apr 10 14:36:35 GMT 2025","","test_type_conversion_utils","",""
"","1","test_dataset_migrate_published","tests.unit.processing.schema_migration","Thu Apr 10 14:36:24 GMT 2025","passed","Thu Apr 10 14:36:24 GMT 2025","TestDatasetMigrate","test_dataset_migrate","",""
"
        Calling `get_dataset_status` should yield the processing status
        ","7","test_get_dataset_status_for_uploaded_dataset_ok","tests.unit.backend.layers.business","Thu Apr 10 14:35:47 GMT 2025","passed","Thu Apr 10 14:35:47 GMT 2025","TestGetDataset","test_business","",""
"
        Asserts an CrossrefParseException if the GET request succeeds but cannot be parsed
        ","1","test__provider_throws_exception_if_request_cannot_be_parsed","tests.unit.backend.common","Thu Apr 10 14:35:57 GMT 2025","passed","Thu Apr 10 14:35:57 GMT 2025","TestCrossrefProvider","test_crossref_provider","",""
"A cellxgene public dataset url must already be uploaded","9","test_reingest_published_atac_dataset__not_in_found","tests.unit.backend.layers.business","Thu Apr 10 14:35:47 GMT 2025","passed","Thu Apr 10 14:35:47 GMT 2025","TestUpdateCollectionDatasets","test_business","",""
"","2","test__create_collection__no_auth","tests.unit.backend.layers.api","Thu Apr 10 14:35:41 GMT 2025","passed","Thu Apr 10 14:35:41 GMT 2025","TestPostCollection","test_curation_api","",""
"","1","test__marker_gene_calculation","tests.unit.backend.cellguide.pipeline","Thu Apr 10 14:35:26 GMT 2025","skipped","Thu Apr 10 14:35:26 GMT 2025","MarkerGeneCalculatorTests","test_computational_marker_genes","",""
"
        Test restoring a previous version of a collection
        ","22","test__restore_previous_collection_version","tests.unit.backend.layers.business","Thu Apr 10 14:35:48 GMT 2025","passed","Thu Apr 10 14:35:48 GMT 2025","TestCollectionUtilities","test_business","",""
"","0","test_invalid_email[email@.]","tests.unit.backend.layers.common","Thu Apr 10 14:35:48 GMT 2025","passed","Thu Apr 10 14:35:48 GMT 2025","","test_validation","",""
"","13","test__update_revision__OK","tests.unit.backend.layers.api","Thu Apr 10 14:35:42 GMT 2025","passed","Thu Apr 10 14:35:42 GMT 2025","TestPatchCollectionID","test_curation_api","",""
"
        Removing a dataset from a published collection should fail
        ","9","test_remove_dataset_from_published_collection_fail","tests.unit.backend.layers.business","Thu Apr 10 14:35:47 GMT 2025","passed","Thu Apr 10 14:35:47 GMT 2025","TestUpdateCollectionDatasets","test_business","",""
"","1","test_rollback[rollback_args2]","tests.unit.processing","Thu Apr 10 14:36:34 GMT 2025","passed","Thu Apr 10 14:36:34 GMT 2025","","test_rollback","",""
"
    Test that the `rollup` function correctly accumulates (or rolls up) gene-expression
    values FOR EACH expressed gene and cell count values up the cell type ANCESTOR paths
    grouped by (tissue_ontology_term_id, cell_type_ontology_term_id, <compare_dimension>).

    The input:

    1. A cell type ontology subgraph consisting of 4 cell types.

    CL:0000127
    ├── CL:0000644
    ├── CL:0002605
    └── CL:0002627

    2. A gene expression dataframe consisting of expression numeric values for each
    (gene_ontology_term_id, tissue_ontology_term_id, cell_type_ontology_term_id, <compare_dimension>) tuple.
    3. The gene expression dataframe also holds total cell counts per tissue_ontology_term_id.
    This value is held in a column called `n_cells_tissue`.
    6. A cell counts dataframe that consists of cell counts for each
    (tissue_ontology_term_id, cell_type_ontology_term_id, <compare_dimension>) tuple.
    7. We set the `n_cells_tissue` column values to 1000 for all rows
    in the gene expression dataframe.
    8. We set all other numeric column values to `1` in the gene expression dataframe.

    The expected output:

    1. A rolled up gene expression dataframe.
    2. A rolled up cell counts dataframe.
    3. Assert that `n_cells_tissue` column value in the rolled up gene expression dataframe
    does not change for all rows because it should not be rolled up the cell type ontology
    ancestor paths.
    4. Assert that other numeric column values (i.e the columns that are not `n_cells_tissue`)
    in the rolled up gene expression dataframe hold the correct rolled up values.
    5. Assert that the cell counts in the rolled up cell counts dataframe hold the correct
    rolled up values.
    ","20","test__rollup[no_compare_dim_gene_expressed_in_one_tissue_but_not_other-input_cell_counts_df2-expected_cell_counts_df2-input_gene_expr_df2-expected_gene_expr_df2]","tests.unit.backend.wmg.api.common","Thu Apr 10 14:35:11 GMT 2025","passed","Thu Apr 10 14:35:11 GMT 2025","","test_rollup","",""
"","0","test_rollback[rollback_args4]","tests.unit.processing","Thu Apr 10 14:36:34 GMT 2025","passed","Thu Apr 10 14:36:34 GMT 2025","","test_rollback","",""
"Check that delete_many_from_s3 errors are logged but do not raise exceptions.","2","test_cleanup_artifacts__delete_many_from_s3_error","tests.unit.processing","Thu Apr 10 14:36:29 GMT 2025","passed","Thu Apr 10 14:36:29 GMT 2025","TestCleanupArtifacts","test_handle_error","",""
"","0","test_type_inference[parameters43]","tests.unit.processing","Thu Apr 10 14:36:35 GMT 2025","passed","Thu Apr 10 14:36:35 GMT 2025","","test_type_conversion_utils","",""
"
        A collection with an invalid DOI will be created with empty publisher metadata
        ","1","test_create_collection_with_doi_error_ignores_metadata_ok","tests.unit.backend.layers.business","Thu Apr 10 14:35:46 GMT 2025","passed","Thu Apr 10 14:35:46 GMT 2025","TestCreateCollection","test_business","",""
"","0","test_with_blocking_issues_in_issue_list","tests.unit.scripts","Thu Apr 10 14:35:43 GMT 2025","passed","Thu Apr 10 14:35:43 GMT 2025","TestFilterIssues","test_zenhub_close","",""
"","7","test__can_publish_owned_collection","tests.unit.backend.layers.api","Thu Apr 10 14:35:46 GMT 2025","passed","Thu Apr 10 14:35:46 GMT 2025","TestPublishRevision","test_portal_api","",""
"
        New Dataset assets and rows not deleted until after revision is canceled (for previously-published Collection)
        ","37","test_cleanup_occurs_after_revision_is_canceled","tests.unit.backend.layers.business","Thu Apr 10 14:35:47 GMT 2025","passed","Thu Apr 10 14:35:47 GMT 2025","TestDeleteDataset","test_business","",""
"","0","test_anndata_validation_success[{""anndata"": ""s3://bucket/dataset.h5ad""}]","tests.unit.backend.common","Thu Apr 10 14:35:57 GMT 2025","passed","Thu Apr 10 14:35:57 GMT 2025","","test_manifest","",""
"","3","test__create_key__401","tests.unit.backend.layers.auth","Thu Apr 10 14:35:46 GMT 2025","passed","Thu Apr 10 14:35:46 GMT 2025","TestKeys","test_auth_keys","",""
"","9","test__call_delete_dataset__twice","tests.unit.backend.layers.api","Thu Apr 10 14:35:45 GMT 2025","passed","Thu Apr 10 14:35:45 GMT 2025","TestDataset","test_portal_api","",""
"","3","test_private_with_no_previous_version","tests.unit.backend.layers.business","Thu Apr 10 14:35:48 GMT 2025","passed","Thu Apr 10 14:35:48 GMT 2025","TestSetPreviousDatasetVersion","test_business","",""
"
        A collection can be created with a valid DOI, and the publisher metadata will be added
        to the collection
        ","2","test_create_collection_with_valid_doi_ok","tests.unit.backend.layers.business","Thu Apr 10 14:35:46 GMT 2025","passed","Thu Apr 10 14:35:46 GMT 2025","TestCreateCollection","test_business","",""
"
        Calling Put /datasets/:dataset_id with a bad published anndata link should fail with 400
        ","6","test_with_bad_already_ingested_anndata__400","tests.unit.backend.layers.api","Thu Apr 10 14:35:44 GMT 2025","passed","Thu Apr 10 14:35:44 GMT 2025","TestPutManifest","test_curation_api","",""
"","48","test__create_h5ad_data_file__obs_and_var_index_names_specified_doesnt_exist_raises_exception","tests.unit.processing","Thu Apr 10 14:36:27 GMT 2025","passed","Thu Apr 10 14:36:27 GMT 2025","TestH5ADDataFile","test_h5ad_data_file","",""
"","6","test__post_collection_returns_id_on_success","tests.unit.backend.layers.api","Thu Apr 10 14:35:45 GMT 2025","passed","Thu Apr 10 14:35:45 GMT 2025","TestCollection","test_portal_api","",""
"
    Test the cropping method to ensure the image is cropped to a square
    ","0","test__crop_to_aspect_ratio[100-55]","tests.unit.processing","Thu Apr 10 14:36:35 GMT 2025","passed","Thu Apr 10 14:36:35 GMT 2025","","test_spatial_assets_utils","",""
"","239","test__filter_request_with_filter_dims__returns_valid_filter_dims","tests.unit.backend.wmg.api","Thu Apr 10 14:35:12 GMT 2025","passed","Thu Apr 10 14:35:12 GMT 2025","WmgApiV2Tests","test_v2","",""
"","0","test_type_inference[parameters15]","tests.unit.processing","Thu Apr 10 14:36:35 GMT 2025","passed","Thu Apr 10 14:36:35 GMT 2025","","test_type_conversion_utils","",""
"
    Test case for verifying the required metadata is present
    ","0","test__valid_input_metadata_copy","tests.unit.processing","Thu Apr 10 14:36:34 GMT 2025","passed","Thu Apr 10 14:36:34 GMT 2025","","test_spatial_assets_utils","",""
"","0","test__link__OK[protocol-https://www.google.com]","tests.unit.backend.layers.common","Thu Apr 10 14:35:48 GMT 2025","passed","Thu Apr 10 14:35:48 GMT 2025","","test_validation","",""
"","6","test__cancel_dataset_download__user_not_collection_owner","tests.unit.backend.layers.api","Thu Apr 10 14:35:45 GMT 2025","passed","Thu Apr 10 14:35:45 GMT 2025","TestDataset","test_portal_api","",""
"A cellxgene public dataset url used for reingesting an h5ad must be an h5ad","8","test_reingest_published_anndata_dataset__not_h5ad","tests.unit.backend.layers.business","Thu Apr 10 14:35:47 GMT 2025","passed","Thu Apr 10 14:35:47 GMT 2025","TestUpdateCollectionDatasets","test_business","",""
"","0","test_type_inference[parameters35]","tests.unit.processing","Thu Apr 10 14:36:35 GMT 2025","passed","Thu Apr 10 14:36:35 GMT 2025","","test_type_conversion_utils","",""
"","5","test__update_collection_remove_doi_deletes_metadata","tests.unit.backend.layers.api","Thu Apr 10 14:35:45 GMT 2025","passed","Thu Apr 10 14:35:45 GMT 2025","TestUpdateCollection","test_portal_api","",""
"","3","test_process_atac_ValidationAtacFailed","tests.unit.processing","Thu Apr 10 14:36:34 GMT 2025","passed","Thu Apr 10 14:36:34 GMT 2025","ProcessingTest","test_processing","",""
"","4","test__create_collection__OK","tests.unit.backend.layers.api","Thu Apr 10 14:35:41 GMT 2025","passed","Thu Apr 10 14:35:41 GMT 2025","TestPostCollection","test_curation_api","",""
"validation will succeed, status will be updated, and fragment artifacts will be uploaded

        This covers cases where the collection is unpublished, and the datset is new.
        It also covers cases where the fragment is optional and present or required and present.
        ","2","test_new_fragment[s3://fake_bucket_name/fake_key.h5ad]","tests.unit.processing","Thu Apr 10 14:36:29 GMT 2025","passed","Thu Apr 10 14:36:29 GMT 2025","TestProcessValidateAtac","test_process_validate_atac","",""
"Check that atac fragment files are deleted.","1","test_delete_atac_fragment_files__OK","tests.unit.processing","Thu Apr 10 14:36:29 GMT 2025","passed","Thu Apr 10 14:36:29 GMT 2025","TestDeleteAtacFragmentFiles","test_handle_error","",""
"","1","test_type_inference[parameters86]","tests.unit.processing","Thu Apr 10 14:36:35 GMT 2025","passed","Thu Apr 10 14:36:35 GMT 2025","","test_type_conversion_utils","",""
"revision_of contains None if the collection is unpublished","4","test__get_collections_with_auth__OK_6","tests.unit.backend.layers.api","Thu Apr 10 14:35:41 GMT 2025","passed","Thu Apr 10 14:35:41 GMT 2025","TestGetCollections","test_curation_api","",""
"","8","test_update_raw_h5ad","tests.unit.processing","Thu Apr 10 14:36:26 GMT 2025","passed","Thu Apr 10 14:36:26 GMT 2025","TestDatasetMetadataUpdaterWorker","test_dataset_metadata_update","",""
"","3","test_update_metadata__current_dataset_version_bad_processing_status","tests.unit.processing","Thu Apr 10 14:36:25 GMT 2025","passed","Thu Apr 10 14:36:25 GMT 2025","TestUpdateMetadataHandler","test_dataset_metadata_update","",""
"","1","test_with_mixed_collection_types","tests.unit.processing.schema_migration","Thu Apr 10 14:36:24 GMT 2025","passed","Thu Apr 10 14:36:24 GMT 2025","TestGatherCollections","test_gather_collections","",""
"","6","test__create_collection__InvalidParameters_DOI","tests.unit.backend.layers.api","Thu Apr 10 14:35:45 GMT 2025","passed","Thu Apr 10 14:35:45 GMT 2025","TestCollection","test_portal_api","",""
"","11695","test__tissue_metadata_generator","tests.unit.backend.cellguide.pipeline","Thu Apr 10 14:36:57 GMT 2025","passed","Thu Apr 10 14:37:09 GMT 2025","TestMetadataGenerator","test_metadata_generator","",""
"","0","test_type_inference[parameters45]","tests.unit.processing","Thu Apr 10 14:36:35 GMT 2025","passed","Thu Apr 10 14:36:35 GMT 2025","","test_type_conversion_utils","",""
"","1","test_type_inference[parameters39]","tests.unit.processing","Thu Apr 10 14:36:35 GMT 2025","passed","Thu Apr 10 14:36:35 GMT 2025","","test_type_conversion_utils","",""
"
        Calling `ingest_dataset` on a collection that does not exist should fail
        ","1","test_add_dataset_to_non_existing_collection_fail","tests.unit.backend.layers.business","Thu Apr 10 14:35:47 GMT 2025","passed","Thu Apr 10 14:35:47 GMT 2025","TestUpdateCollectionDatasets","test_business","",""
"
        Attemping to update a dataset in a public collection raises an exception.
        ","9","test_update_dataset_artifact_metadata_public_collection_error","tests.unit.backend.layers.business","Thu Apr 10 14:35:47 GMT 2025","passed","Thu Apr 10 14:35:47 GMT 2025","TestUpdateDataset","test_business","",""
"","1","test_catch_errors","tests.unit.processing","Thu Apr 10 14:36:29 GMT 2025","passed","Thu Apr 10 14:36:29 GMT 2025","TestDeleteAtacFragmentFiles","test_handle_error","",""
"","7","test__remove_collection__consortia__OK","tests.unit.backend.layers.api","Thu Apr 10 14:35:41 GMT 2025","passed","Thu Apr 10 14:35:41 GMT 2025","TestPatchCollectionID","test_curation_api","",""
"","0","test__link__INVALID[other-https://]","tests.unit.backend.layers.common","Thu Apr 10 14:35:48 GMT 2025","passed","Thu Apr 10 14:35:48 GMT 2025","","test_validation","",""
"","1","test_type_inference[parameters32]","tests.unit.processing","Thu Apr 10 14:36:35 GMT 2025","passed","Thu Apr 10 14:36:35 GMT 2025","","test_type_conversion_utils","",""
"","0","test__link__INVALID[data_source-google.com]","tests.unit.backend.layers.common","Thu Apr 10 14:35:48 GMT 2025","passed","Thu Apr 10 14:35:48 GMT 2025","","test_validation","",""
"","0","test_filter_issues_with_blocking_issues","tests.unit.scripts","Thu Apr 10 14:35:43 GMT 2025","passed","Thu Apr 10 14:35:43 GMT 2025","TestFilterIssues","test_zenhub_close","",""
"","2061","test_update_of_existing_secret_updates_secret","tests.unit.backend.layers.utils","Thu Apr 10 14:35:51 GMT 2025","passed","Thu Apr 10 14:35:53 GMT 2025","TestAwsSecret","test_aws_secret","",""
"","17","test__provider_does_not_call_crossref_in_test","tests.unit.backend.common","Thu Apr 10 14:35:57 GMT 2025","passed","Thu Apr 10 14:35:57 GMT 2025","TestCrossrefProvider","test_crossref_provider","",""
"A manifest is provided without a fragment, and the anndata requires one. This will fail validation.","1","test_required_and_missing_fragment","tests.unit.processing","Thu Apr 10 14:36:29 GMT 2025","passed","Thu Apr 10 14:36:29 GMT 2025","TestSkipATACValidation","test_process_validate_atac","",""
"
        Publish a revision with new datasets.
        ","13","test__publish_revision_with_new_dataset__OK","tests.unit.backend.layers.api","Thu Apr 10 14:35:46 GMT 2025","passed","Thu Apr 10 14:35:46 GMT 2025","TestPublishRevision","test_portal_api","",""
"
        Call process download using an s3 uri
        ","3","test_download_from_s3_uri","tests.unit.processing","Thu Apr 10 14:36:29 GMT 2025","passed","Thu Apr 10 14:36:29 GMT 2025","TestProcessDownload","test_process_validate_h5ad","",""
"
        Tests /curation/v1/datasets endpoint with different credentials and visibility filters.

        Test data setup:
        - published_collection_1: 2 datasets
        - published_collection_2: 1 dataset, other owner
        - published_collection_3: 1 dataset, previously revised and published
        - unpublished_collection_1: 3 datasets
        - unpublished_collection_2: 2 datasets, other owner
        - published_collection_1_revision: 3 datasets (one new, one modified)

        ","75","test_get_private_datasets_200","tests.unit.backend.layers.api","Thu Apr 10 14:35:42 GMT 2025","passed","Thu Apr 10 14:35:42 GMT 2025","TestGetDatasets","test_curation_api","",""
"","17","test__set_collection_version_datasets_get_order_custom_sort__OK","tests.unit.backend.layers.api","Thu Apr 10 14:35:45 GMT 2025","passed","Thu Apr 10 14:35:45 GMT 2025","TestUpdateCollection","test_portal_api","",""
"","1","test_type_inference[parameters66]","tests.unit.processing","Thu Apr 10 14:36:35 GMT 2025","passed","Thu Apr 10 14:36:35 GMT 2025","","test_type_conversion_utils","",""
"","6","test__get_status__403","tests.unit.backend.layers.api","Thu Apr 10 14:35:46 GMT 2025","passed","Thu Apr 10 14:35:46 GMT 2025","TestDataset","test_portal_api","",""
"","1","test_get_spatial_metadata__is_single_true_and_no_library_id","tests.unit.processing","Thu Apr 10 14:36:27 GMT 2025","passed","Thu Apr 10 14:36:27 GMT 2025","TestAddLabels","test_extract_metadata","",""
"","10","test_rollback_published_collections","tests.unit.processing","Thu Apr 10 14:36:34 GMT 2025","passed","Thu Apr 10 14:36:34 GMT 2025","","test_rollback","",""
"","47","test_when_item_is_not_in_config_but_is_in_env_and_use_env_is_set_we_use_env","tests.unit.backend.layers.utils","Thu Apr 10 14:35:56 GMT 2025","passed","Thu Apr 10 14:35:56 GMT 2025","TestSecretConfig","test_secret_config","",""
"","3","test_migrate_published_collection","tests.unit.processing.schema_migration","Thu Apr 10 14:36:24 GMT 2025","passed","Thu Apr 10 14:36:24 GMT 2025","TestCollectionMigrate","test_collection_migrate","",""
"
        Given a canonical collection with a published version and an unpublished version with is_auto_version == True,
        creating another unpublished collection version where is_auto_verison is False will fail.
        ","15","test_create_collection_version_multiple_auto_versions_fails","tests.unit.backend.layers.business","Thu Apr 10 14:35:48 GMT 2025","passed","Thu Apr 10 14:35:48 GMT 2025","TestCollectionOperations","test_business","",""
"","141","test_get_collection_dynamic_fields","tests.unit.backend.layers.api","Thu Apr 10 14:35:41 GMT 2025","passed","Thu Apr 10 14:35:41 GMT 2025","TestGetCollectionID","test_curation_api","",""
"
        Trying to publish a dataset belonging to a different collection raises a 404
        ","6","test__dataset_not_in_collection__404","tests.unit.backend.layers.api","Thu Apr 10 14:35:46 GMT 2025","passed","Thu Apr 10 14:35:46 GMT 2025","TestCollectionPutUploadLink","test_portal_api","",""
"Positive test case for run method.","1","test_run_pos","tests.unit.processing.schema_migration","Thu Apr 10 14:36:25 GMT 2025","passed","Thu Apr 10 14:36:25 GMT 2025","TestPublishRevisions","test_publish_revisions","",""
"
        Calling PUT /datasets/:dataset_id should succeed if a valid link is uploaded by the owner of the collection or
        a super curator
        ","45","test__new_from_link__OK","tests.unit.backend.layers.api","Thu Apr 10 14:35:44 GMT 2025","passed","Thu Apr 10 14:35:44 GMT 2025","TestPutManifestATAC","test_curation_api","",""
"
        Asserts a CrossrefFetchException if the GET request fails for any reason
        ","2","test__provider_throws_exception_if_request_fails_with_404","tests.unit.backend.common","Thu Apr 10 14:35:57 GMT 2025","passed","Thu Apr 10 14:35:57 GMT 2025","TestCrossrefProvider","test_crossref_provider","",""
"","15","test__delete_uploaded_dataset__ok","tests.unit.backend.layers.api","Thu Apr 10 14:35:45 GMT 2025","passed","Thu Apr 10 14:35:45 GMT 2025","TestDataset","test_portal_api","",""
"","1","test__link__INVALID[other-google.com]","tests.unit.backend.layers.common","Thu Apr 10 14:35:48 GMT 2025","passed","Thu Apr 10 14:35:48 GMT 2025","","test_validation","",""
"","77","test__delete_tombstone_collection","tests.unit.backend.layers.api","Thu Apr 10 14:35:41 GMT 2025","passed","Thu Apr 10 14:35:41 GMT 2025","TestDeleteCollection","test_curation_api","",""
"A cellxgene public dataset url can be used to ingest a new dataset version.","13","test_reingest_published_atac_dataset","tests.unit.backend.layers.business","Thu Apr 10 14:35:47 GMT 2025","passed","Thu Apr 10 14:35:47 GMT 2025","TestUpdateCollectionDatasets","test_business","",""
"","1","test_type_inference[parameters69]","tests.unit.processing","Thu Apr 10 14:36:35 GMT 2025","passed","Thu Apr 10 14:36:35 GMT 2025","","test_type_conversion_utils","",""
"","5","test__remove_all_collection_consortia","tests.unit.backend.layers.api","Thu Apr 10 14:35:45 GMT 2025","passed","Thu Apr 10 14:35:45 GMT 2025","TestUpdateCollection","test_portal_api","",""
"","0","test_type_inference[parameters21]","tests.unit.processing","Thu Apr 10 14:36:35 GMT 2025","passed","Thu Apr 10 14:36:35 GMT 2025","","test_type_conversion_utils","",""
"
        Adding a dataset artifact with an unsupported type should fail
        ","3","test_add_dataset_artifact_wrong_type_fail","tests.unit.backend.layers.business","Thu Apr 10 14:35:47 GMT 2025","passed","Thu Apr 10 14:35:47 GMT 2025","TestUpdateDataset","test_business","",""
"","6","test__get_status__ok","tests.unit.backend.layers.api","Thu Apr 10 14:35:46 GMT 2025","passed","Thu Apr 10 14:35:46 GMT 2025","TestDataset","test_portal_api","",""
"","4","test_delete_non_owned_private_collection_as_super_curator__ok","tests.unit.backend.layers.api","Thu Apr 10 14:35:45 GMT 2025","passed","Thu Apr 10 14:35:45 GMT 2025","TestCollectionsCurators","test_portal_api","",""
"","0","test__link__OK[lab_website-http://somewhere.org/path/?abcd=123]","tests.unit.backend.layers.common","Thu Apr 10 14:35:48 GMT 2025","passed","Thu Apr 10 14:35:48 GMT 2025","","test_validation","",""
"","44","test_when_item_is_not_in_config_but_is_in_env_and_use_env_is_not_set_we_raise","tests.unit.backend.layers.utils","Thu Apr 10 14:35:56 GMT 2025","passed","Thu Apr 10 14:35:56 GMT 2025","TestSecretConfig","test_secret_config","",""
"","11","test_link_public_collection__403","tests.unit.backend.layers.api","Thu Apr 10 14:35:46 GMT 2025","passed","Thu Apr 10 14:35:46 GMT 2025","TestCollectionPostUploadLink","test_portal_api","",""
"
        The dataset processing status can be updated using `update_dataset_status`
        ","4","test_update_dataset_status_ok","tests.unit.backend.layers.business","Thu Apr 10 14:35:47 GMT 2025","passed","Thu Apr 10 14:35:47 GMT 2025","TestUpdateDataset","test_business","",""
"","1","test_type_inference[parameters29]","tests.unit.processing","Thu Apr 10 14:36:35 GMT 2025","passed","Thu Apr 10 14:36:35 GMT 2025","","test_type_conversion_utils","",""
"","5","test__is_matrix_sparse__partially_populated_sparse_matrix_returns_true","tests.unit.processing","Thu Apr 10 14:36:29 GMT 2025","passed","Thu Apr 10 14:36:29 GMT 2025","TestMatrixUtils","test_matrix_utils","",""
"
        `update_collection` should support partial updates: if only a subset of the fields are specified,
        the previous field should not be modified
        ","6","test_update_collection_partial_ok","tests.unit.backend.layers.business","Thu Apr 10 14:35:47 GMT 2025","passed","Thu Apr 10 14:35:47 GMT 2025","TestUpdateCollection","test_business","",""
"","15","test__get_all_datasets_for_user_index","tests.unit.backend.layers.api","Thu Apr 10 14:35:45 GMT 2025","passed","Thu Apr 10 14:35:45 GMT 2025","TestDataset","test_portal_api","",""
"","381","test__query_non_indexed_dim_multi_valued__returns_correct_result","tests.unit.backend.wmg.api.common","Thu Apr 10 14:35:10 GMT 2025","passed","Thu Apr 10 14:35:10 GMT 2025","ExpressionDotPlotTest","test_expression_dotplot","",""
"","450","test__query_non_indexed_dim_single_and_multi_valued__returns_correct_result","tests.unit.backend.wmg.api.common","Thu Apr 10 14:35:10 GMT 2025","passed","Thu Apr 10 14:35:11 GMT 2025","ExpressionDotPlotTest","test_expression_dotplot","",""
"","1","test_type_inference[parameters14]","tests.unit.processing","Thu Apr 10 14:36:35 GMT 2025","passed","Thu Apr 10 14:36:35 GMT 2025","","test_type_conversion_utils","",""
"
        Returns correct dictionary with missing values if given XML tree with missing values
        ","0","test_parse_xml_tree_missing_values","tests.unit.backend.layers.api","Thu Apr 10 14:35:45 GMT 2025","passed","Thu Apr 10 14:35:45 GMT 2025","GeneInfoAPIv1Tests","test_gene_info","",""
"","0","test__link__INVALID[doi-google]","tests.unit.backend.layers.common","Thu Apr 10 14:35:48 GMT 2025","passed","Thu Apr 10 14:35:48 GMT 2025","","test_validation","",""
"","0","test_delete_skipped[DatasetConversionStatus.COPIED]","tests.unit.processing","Thu Apr 10 14:36:29 GMT 2025","passed","Thu Apr 10 14:36:29 GMT 2025","TestDeleteAtacFragmentFiles","test_handle_error","",""
"","0","test__release_only_misformatted_version__returns_false","tests.unit.backend.layers.utils","Thu Apr 10 14:35:56 GMT 2025","passed","Thu Apr 10 14:35:56 GMT 2025","TestSemvarUtils","test_semvar_utils","",""
"","3","test__get_collections_no_auth_visibility_private__403","tests.unit.backend.layers.api","Thu Apr 10 14:35:41 GMT 2025","passed","Thu Apr 10 14:35:41 GMT 2025","TestGetCollections","test_curation_api","",""
"","0","test_anndata_validation_success[{""anndata"": ""https://example.com/dataset.h5ad"", ""atac_fragments"": ""s3://bucket/fragments.tsv.gz""}]","tests.unit.backend.common","Thu Apr 10 14:35:57 GMT 2025","passed","Thu Apr 10 14:35:57 GMT 2025","","test_manifest","",""
"A cellxgene public dataset url must be part of a version of the canonical dataset","17","test_reginest_published_anndata_dataset__not_part_of_canonical_dataset","tests.unit.backend.layers.business","Thu Apr 10 14:35:47 GMT 2025","passed","Thu Apr 10 14:35:47 GMT 2025","TestUpdateCollectionDatasets","test_business","",""
"
        If the validation is not successful, the processing pipeline should:
        1. Set the processing status to INVALID
        2. Set a validation message accordingly
        ","4","test_process_add_labels_fail","tests.unit.processing","Thu Apr 10 14:36:29 GMT 2025","passed","Thu Apr 10 14:36:29 GMT 2025","ProcessingTest","test_process_add_labels","",""
"","20","test_get_dataset_in_a_tombstoned_collection_410","tests.unit.backend.layers.api","Thu Apr 10 14:35:42 GMT 2025","passed","Thu Apr 10 14:35:42 GMT 2025","TestGetDatasets","test_curation_api","",""
"","12","test__set_collection_version_datasets_order_get_default_sort__OK","tests.unit.backend.layers.api","Thu Apr 10 14:35:45 GMT 2025","passed","Thu Apr 10 14:35:45 GMT 2025","TestUpdateCollection","test_portal_api","",""
"","9","test_get_datasets_atac_seq","tests.unit.backend.layers.api","Thu Apr 10 14:35:42 GMT 2025","passed","Thu Apr 10 14:35:42 GMT 2025","TestGetDatasets","test_curation_api","",""
"","7","test__post_token__201","tests.unit.backend.layers.api","Thu Apr 10 14:35:44 GMT 2025","passed","Thu Apr 10 14:35:44 GMT 2025","TestAuthToken","test_curation_api","",""
"","1","test_type_inference[parameters65]","tests.unit.processing","Thu Apr 10 14:36:35 GMT 2025","passed","Thu Apr 10 14:36:35 GMT 2025","","test_type_conversion_utils","",""
"","7","test_rollback_private_collection_list","tests.unit.processing","Thu Apr 10 14:36:34 GMT 2025","passed","Thu Apr 10 14:36:34 GMT 2025","","test_rollback","",""
"","0","test__link__INVALID[protocol-google]","tests.unit.backend.layers.common","Thu Apr 10 14:35:48 GMT 2025","passed","Thu Apr 10 14:35:48 GMT 2025","","test_validation","",""
"","45","test_get_collection_version_4xx","tests.unit.backend.layers.api","Thu Apr 10 14:35:41 GMT 2025","passed","Thu Apr 10 14:35:41 GMT 2025","TestGetCollectionVersionID","test_curation_api","",""
"
        Given a canonical collection with a published version and an unpublished version where is_auto_version is True,
        creating another unpublished collection version where is_auto_version is True will fail.
        ","16","test_create_collection_version_multiple_auto_versions_true_fails","tests.unit.backend.layers.business","Thu Apr 10 14:35:48 GMT 2025","passed","Thu Apr 10 14:35:48 GMT 2025","TestCollectionOperations","test_business","",""
"
        A collection updated with a new DOI and containing datasets should trigger artifact updates to update citation
        for each dataset
        ","24","test_update_collection_change_doi__trigger_dataset_artifact_updates","tests.unit.backend.layers.business","Thu Apr 10 14:35:47 GMT 2025","passed","Thu Apr 10 14:35:47 GMT 2025","TestUpdateCollection","test_business","",""
"","5","test__post_collection_sorts_consortia","tests.unit.backend.layers.api","Thu Apr 10 14:35:45 GMT 2025","passed","Thu Apr 10 14:35:45 GMT 2025","TestCollection","test_portal_api","",""
"","11","test__post_revision__OK","tests.unit.backend.layers.api","Thu Apr 10 14:35:44 GMT 2025","passed","Thu Apr 10 14:35:44 GMT 2025","TestPostRevision","test_curation_api","",""
"","4","test__create_collection__strip_string_fields","tests.unit.backend.layers.api","Thu Apr 10 14:35:41 GMT 2025","passed","Thu Apr 10 14:35:41 GMT 2025","TestPostCollection","test_curation_api","",""
"
        Checks for failure on missing data submission policy version.
        ","5","test__publish_revision_missing_data_submission_policy_version__400","tests.unit.backend.layers.api","Thu Apr 10 14:35:46 GMT 2025","passed","Thu Apr 10 14:35:46 GMT 2025","TestPublishRevision","test_portal_api","",""
"","1","test_delete_artifacts_CollectionDeleteException_with_H5AD","tests.unit.backend.layers.business","Thu Apr 10 14:35:47 GMT 2025","passed","Thu Apr 10 14:35:47 GMT 2025","TestDeleteDataset","test_business","",""
"","4","test__update_collection__Not_Owner","tests.unit.backend.layers.api","Thu Apr 10 14:35:41 GMT 2025","passed","Thu Apr 10 14:35:41 GMT 2025","TestPatchCollectionID","test_curation_api","",""
"","125","test__to_cxg__simple_anndata_with_different_var_index_than_h5ad","tests.unit.processing","Thu Apr 10 14:36:28 GMT 2025","passed","Thu Apr 10 14:36:28 GMT 2025","TestH5ADDataFile","test_h5ad_data_file","",""
"","12","test_rollback_published_collection_list","tests.unit.processing","Thu Apr 10 14:36:34 GMT 2025","passed","Thu Apr 10 14:36:34 GMT 2025","","test_rollback","",""
"
        Updating a collection version that is published should fail
        ","9","test_update_published_collection_fail","tests.unit.backend.layers.business","Thu Apr 10 14:35:47 GMT 2025","passed","Thu Apr 10 14:35:47 GMT 2025","TestUpdateCollection","test_business","",""
"","12188","test__query_expression_summary_default_cube__returns_correct_results","tests.unit.backend.wmg","Thu Apr 10 14:35:52 GMT 2025","passed","Thu Apr 10 14:36:04 GMT 2025","QueryTest","test_query","",""
"","3455","test__ontology_term_label","tests.unit.wmg_processing","Thu Apr 10 14:38:56 GMT 2025","passed","Thu Apr 10 14:38:59 GMT 2025","OntologyLabelTests","test_ontology_labels","",""
"","11","test_trigger_dataset_artifact_update__with_new_dataset_version_id","tests.unit.backend.layers.business","Thu Apr 10 14:35:48 GMT 2025","passed","Thu Apr 10 14:35:48 GMT 2025","TestDatasetArtifactMetadataUpdates","test_business","",""
"
        POST /datasets returns the canonical dataset id on creation.
        ","4","test_post_datasets_returns_canonical_id","tests.unit.backend.layers.api","Thu Apr 10 14:35:44 GMT 2025","passed","Thu Apr 10 14:35:44 GMT 2025","TestPostDataset","test_curation_api","",""
"","17","test_populate_dataset_citation__no_publication_doi","tests.unit.processing","Thu Apr 10 14:36:29 GMT 2025","passed","Thu Apr 10 14:36:29 GMT 2025","ProcessingTest","test_process_add_labels","",""
"
        Checks data submission policy is correctly saved on publish of a revision.
        ","14","test__publish_revision_data_submission_policy_version__OK","tests.unit.backend.layers.api","Thu Apr 10 14:35:46 GMT 2025","passed","Thu Apr 10 14:35:46 GMT 2025","TestPublishRevision","test_portal_api","",""
"","6","test__create_collection_strip_string_fields","tests.unit.backend.layers.api","Thu Apr 10 14:35:45 GMT 2025","passed","Thu Apr 10 14:35:45 GMT 2025","TestCollection","test_portal_api","",""
"","1","test_type_inference[parameters72]","tests.unit.processing","Thu Apr 10 14:36:35 GMT 2025","passed","Thu Apr 10 14:36:35 GMT 2025","","test_type_conversion_utils","",""
"
        A collection where a link isn't a http URI cannot be created
        ","1","test_create_collection_with_bad_links_fail","tests.unit.backend.layers.business","Thu Apr 10 14:35:46 GMT 2025","passed","Thu Apr 10 14:35:46 GMT 2025","TestCreateCollection","test_business","",""
"Run method when revision is skipped via do_not_publish_list.","1","test_run_pos__do_not_publish_list","tests.unit.processing.schema_migration","Thu Apr 10 14:36:25 GMT 2025","passed","Thu Apr 10 14:36:25 GMT 2025","TestPublishRevisions","test_publish_revisions","",""
"
        When publishing a new collection without a DOI, no Crossref check should be made.
        ","8","test_publish_new_collection_no_doi_crossref_not_checked_ok","tests.unit.backend.layers.business","Thu Apr 10 14:35:48 GMT 2025","passed","Thu Apr 10 14:35:48 GMT 2025","TestCollectionOperations","test_business","",""
"","21","test_update_cxg","tests.unit.processing","Thu Apr 10 14:36:26 GMT 2025","passed","Thu Apr 10 14:36:26 GMT 2025","TestDatasetMetadataUpdaterWorker","test_dataset_metadata_update","",""
"","453","test__query_request_multi_primary_dims_only_with_compare__returns_200_and_correct_response","tests.unit.backend.wmg.api","Thu Apr 10 14:35:38 GMT 2025","passed","Thu Apr 10 14:35:38 GMT 2025","WmgApiV2Tests","test_v2","",""
"
        A tombstoned Collection can be resurrected
        ","10","test_resurrect_collection_ok","tests.unit.backend.layers.business","Thu Apr 10 14:35:48 GMT 2025","passed","Thu Apr 10 14:35:48 GMT 2025","TestCollectionOperations","test_business","",""
"","1","test_type_inference[parameters62]","tests.unit.processing","Thu Apr 10 14:36:35 GMT 2025","passed","Thu Apr 10 14:36:35 GMT 2025","","test_type_conversion_utils","",""
"","4","test_patch_private_collection_dataset_no_auth_401","tests.unit.backend.layers.api","Thu Apr 10 14:35:42 GMT 2025","passed","Thu Apr 10 14:35:42 GMT 2025","TestPatchDataset","test_curation_api","",""
"","0","test_type_inference[parameters68]","tests.unit.processing","Thu Apr 10 14:36:35 GMT 2025","passed","Thu Apr 10 14:36:35 GMT 2025","","test_type_conversion_utils","",""
"Check that no files are deleted if buckets are not specified.","2","test_cleanup_artifacts__no_buckets","tests.unit.processing","Thu Apr 10 14:36:29 GMT 2025","passed","Thu Apr 10 14:36:29 GMT 2025","TestCleanupArtifacts","test_handle_error","",""
"
        GET /collections/:collection_id returns 403 if an invalid is specified
        ","3","test__get_collection_id__403_not_found","tests.unit.backend.layers.api","Thu Apr 10 14:35:45 GMT 2025","passed","Thu Apr 10 14:35:45 GMT 2025","TestCollection","test_portal_api","",""
"","6","test_exception_handle_catches_errors","tests.unit.wmg_processing","Thu Apr 10 14:35:49 GMT 2025","passed","Thu Apr 10 14:35:49 GMT 2025","TestCubePipe","test_cube_pipeline","",""
"","1","test_adata_with_noncanonical_X_and_raw_X","tests.unit.processing","Thu Apr 10 14:36:29 GMT 2025","passed","Thu Apr 10 14:36:29 GMT 2025","TestEnforceCanonical","test_matrix_utils","",""
"
    Test that _fetch_image returns the fullres image when present.
    ","0","test__fetch_image_fullres","tests.unit.processing","Thu Apr 10 14:36:35 GMT 2025","passed","Thu Apr 10 14:36:35 GMT 2025","","test_spatial_assets_utils","",""
"","0","test__link__INVALID[lab_website-https://]","tests.unit.backend.layers.common","Thu Apr 10 14:35:48 GMT 2025","passed","Thu Apr 10 14:35:48 GMT 2025","","test_validation","",""
"","6","test_get_collection_with_no_datasets","tests.unit.backend.layers.api","Thu Apr 10 14:35:41 GMT 2025","passed","Thu Apr 10 14:35:41 GMT 2025","TestGetCollectionID","test_curation_api","",""
"A cellxgene public dataset url can be used to ingest a new dataset version.","13","test_reingest_published_anndata_dataset","tests.unit.backend.layers.business","Thu Apr 10 14:35:47 GMT 2025","passed","Thu Apr 10 14:35:47 GMT 2025","TestUpdateCollectionDatasets","test_business","",""
"","5","test__update_private_collection_dataset_not_authorized_403","tests.unit.backend.layers.api","Thu Apr 10 14:35:46 GMT 2025","passed","Thu Apr 10 14:35:46 GMT 2025","TestDataset","test_portal_api","",""
"
        A Dataset that has been published cannot be deleted via the API
        ","36","test__delete_published_dataset__405","tests.unit.backend.layers.api","Thu Apr 10 14:35:42 GMT 2025","passed","Thu Apr 10 14:35:42 GMT 2025","TestDeleteDataset","test_curation_api","",""
"
        Mocks API key for NCBI requests, checks call counts and the correct external API calls.
        Will break if the external API call is down!
        ","2","test_api_fetch_calls","tests.unit.backend.layers.api","Thu Apr 10 14:35:44 GMT 2025","passed","Thu Apr 10 14:35:44 GMT 2025","GeneInfoAPIv1Tests","test_gene_info","",""
"","4","test__post_collection_rejects_invalid_doi","tests.unit.backend.layers.api","Thu Apr 10 14:35:45 GMT 2025","passed","Thu Apr 10 14:35:45 GMT 2025","TestCollection","test_portal_api","",""
"","358","test__query_all_indexed_dims_multi_valued__returns_correct_result","tests.unit.backend.wmg.api.common","Thu Apr 10 14:35:09 GMT 2025","passed","Thu Apr 10 14:35:10 GMT 2025","ExpressionDotPlotTest","test_expression_dotplot","",""
"","1","test_migrate_private_collection","tests.unit.processing.schema_migration","Thu Apr 10 14:36:24 GMT 2025","passed","Thu Apr 10 14:36:24 GMT 2025","TestCollectionMigrate","test_collection_migrate","",""
"
        `get_dataset_asset` should throw 500 if url or file_size aren't returned from the server
        ","6","test__get_dataset_asset__file_SERVER_ERROR","tests.unit.backend.layers.api","Thu Apr 10 14:35:46 GMT 2025","passed","Thu Apr 10 14:35:46 GMT 2025","TestDataset","test_portal_api","",""
"
        Tests that the path we use for writing the snapshot is the versioned path.

        NOTE: Ideally, we would want this to be a true test of the cube pipeline that actually runs the pipeline,
        mocks the S3 upload, and then verifies that the API reads are pulling from the correct mocked S3 files.
        This way, we're testing the high-level functionality of the cube pipeline and the API calls directly.
        Since our testing infra doesn't currently support S3 mocks well, the past of least resistance is to test
        the lower level functions that WMG uses to figure out where to write and read snapshots from.
        ","0","test_versioned_s3_paths","tests.unit.wmg_processing","Thu Apr 10 14:35:49 GMT 2025","passed","Thu Apr 10 14:35:49 GMT 2025","TestCubePipe","test_cube_pipeline","",""
"A manifest is provided without a fragment, and the anndata has an optional fragment. This will pass
        validation.","0","test_optional_and_fragment","tests.unit.processing","Thu Apr 10 14:36:29 GMT 2025","passed","Thu Apr 10 14:36:29 GMT 2025","TestSkipATACValidation","test_process_validate_atac","",""
"","7","test__cancel_dataset_download__202_user_not_collection_owner_as_super_curator","tests.unit.backend.layers.api","Thu Apr 10 14:35:46 GMT 2025","passed","Thu Apr 10 14:35:46 GMT 2025","TestDatasetCurators","test_portal_api","",""
"
    Test the image processing method
    ","5","test__process_and_flip_image","tests.unit.processing","Thu Apr 10 14:36:35 GMT 2025","passed","Thu Apr 10 14:36:35 GMT 2025","","test_spatial_assets_utils","",""
"","0","test_type_inference[parameters49]","tests.unit.processing","Thu Apr 10 14:36:35 GMT 2025","passed","Thu Apr 10 14:36:35 GMT 2025","","test_type_conversion_utils","",""
"","118","test__query_single_primary_dims__returns_200_and_correct_response","tests.unit.backend.wmg.api","Thu Apr 10 14:35:38 GMT 2025","passed","Thu Apr 10 14:35:38 GMT 2025","WmgApiV2Tests","test_v2","",""
"","10","test_update_metadata__missing_cxg","tests.unit.processing","Thu Apr 10 14:36:26 GMT 2025","passed","Thu Apr 10 14:36:26 GMT 2025","TestUpdateMetadataHandler","test_dataset_metadata_update","",""
"
        Calling PUT /datasets/:dataset_id should succeed if a valid link is uploaded by the owner of the collection or
        a super curator
        ","46","test__new_from_link__OK","tests.unit.backend.layers.api","Thu Apr 10 14:35:44 GMT 2025","passed","Thu Apr 10 14:35:44 GMT 2025","TestPutLink","test_curation_api","",""
"
        Publish a collection with a bad uuid (non existant) returns 403
        ","3","test__publish_revision_bad_id__403","tests.unit.backend.layers.api","Thu Apr 10 14:35:46 GMT 2025","passed","Thu Apr 10 14:35:46 GMT 2025","TestPublishRevision","test_portal_api","",""
"","1","test_type_inference[parameters71]","tests.unit.processing","Thu Apr 10 14:36:35 GMT 2025","passed","Thu Apr 10 14:36:35 GMT 2025","","test_type_conversion_utils","",""
"","2","test_filter_schema_version","tests.unit.processing.schema_migration","Thu Apr 10 14:36:24 GMT 2025","passed","Thu Apr 10 14:36:24 GMT 2025","TestCollectionMigrate","test_collection_migrate","",""
"","1","test__object_deletion","tests.unit.backend.layers.thirdparty","Thu Apr 10 14:35:48 GMT 2025","passed","Thu Apr 10 14:35:48 GMT 2025","TestS3Provider","test_s3_provider","",""
"","3","test__list_collection_options__no_allow","tests.unit.backend.layers.api","Thu Apr 10 14:35:45 GMT 2025","passed","Thu Apr 10 14:35:45 GMT 2025","TestCollection","test_portal_api","",""
"","7376","test_expression_summary_diffexp","tests.unit.wmg_processing","Thu Apr 10 14:37:08 GMT 2025","passed","Thu Apr 10 14:37:15 GMT 2025","ExpressionSummaryDiffexpTests","test_expression_summary_and_cell_counts_diffexp","",""
"","0","test__link__INVALID[lab_website-://]","tests.unit.backend.layers.common","Thu Apr 10 14:35:48 GMT 2025","passed","Thu Apr 10 14:35:48 GMT 2025","","test_validation","",""
"","8","test_from_uri","tests.unit.backend.layers.utils","Thu Apr 10 14:35:56 GMT 2025","passed","Thu Apr 10 14:35:56 GMT 2025","TestRegisteredSources","test_uri","",""
"","4","test__set_collection_version_datasets_order_unauthorized__403","tests.unit.backend.layers.api","Thu Apr 10 14:35:45 GMT 2025","passed","Thu Apr 10 14:35:45 GMT 2025","TestUpdateCollection","test_portal_api","",""
"","32","test_init_of_existing_secret_retrieves_secret_metadata","tests.unit.backend.layers.utils","Thu Apr 10 14:35:51 GMT 2025","passed","Thu Apr 10 14:35:51 GMT 2025","TestAwsSecret","test_aws_secret","",""
"","13","test_singletonness","tests.unit.backend.layers.utils","Thu Apr 10 14:35:55 GMT 2025","passed","Thu Apr 10 14:35:55 GMT 2025","TestSecretConfig","test_secret_config","",""
"","30","test_delete_collection_revision__ok","tests.unit.backend.layers.api","Thu Apr 10 14:35:45 GMT 2025","passed","Thu Apr 10 14:35:45 GMT 2025","TestCollectionDeletion","test_portal_api","",""
"","1","test_close_ready_for_prod_with_blocked_issues","tests.unit.scripts","Thu Apr 10 14:35:43 GMT 2025","passed","Thu Apr 10 14:35:43 GMT 2025","TestCloseReadyForProd","test_zenhub_close","",""
"","10","test__collection_level_processing_status__INITIALIZED_as_PENDING","tests.unit.backend.layers.api","Thu Apr 10 14:35:41 GMT 2025","passed","Thu Apr 10 14:35:41 GMT 2025","TestGetCollections","test_curation_api","",""
"","13","test__get_collections_no_auth_visibility_public__OK","tests.unit.backend.layers.api","Thu Apr 10 14:35:41 GMT 2025","passed","Thu Apr 10 14:35:41 GMT 2025","TestGetCollections","test_curation_api","",""
"","9","test__collection_level_processing_status__PENDING","tests.unit.backend.layers.api","Thu Apr 10 14:35:41 GMT 2025","passed","Thu Apr 10 14:35:41 GMT 2025","TestGetCollections","test_curation_api","",""
"","7","test_get_dataset_atac_assets","tests.unit.backend.layers.api","Thu Apr 10 14:35:42 GMT 2025","passed","Thu Apr 10 14:35:42 GMT 2025","TestGetDatasets","test_curation_api","",""
"A cellxgene public dataset url must be part of a version of the canonical dataset","17","test_reginest_published_atac_dataset__not_part_of_canonical_dataset","tests.unit.backend.layers.business","Thu Apr 10 14:35:47 GMT 2025","passed","Thu Apr 10 14:35:47 GMT 2025","TestUpdateCollectionDatasets","test_business","",""
"","42","test_when_item_is_in_config_but_not_in_env_and_use_env_is_not_set_we_use_config","tests.unit.backend.layers.utils","Thu Apr 10 14:35:56 GMT 2025","passed","Thu Apr 10 14:35:56 GMT 2025","TestSecretConfig","test_secret_config","",""
"","14","test__get_published_collection_verify_body_is_reshaped_correctly__OK","tests.unit.backend.layers.api","Thu Apr 10 14:35:41 GMT 2025","passed","Thu Apr 10 14:35:41 GMT 2025","TestGetCollectionID","test_curation_api","",""
"
        A collection version should be updated when using `update_collection`
        ","6","test_update_collection_ok","tests.unit.backend.layers.business","Thu Apr 10 14:35:47 GMT 2025","passed","Thu Apr 10 14:35:47 GMT 2025","TestUpdateCollection","test_business","",""
"","9","test_create_empty_dataset_version_for_current_dataset__error_if_published","tests.unit.backend.layers.business","Thu Apr 10 14:35:47 GMT 2025","passed","Thu Apr 10 14:35:47 GMT 2025","TestUpdateCollectionDatasets","test_business","",""
"","2074","test_delete_of_existing_secret_deletes_secret","tests.unit.backend.layers.utils","Thu Apr 10 14:35:49 GMT 2025","passed","Thu Apr 10 14:35:51 GMT 2025","TestAwsSecret","test_aws_secret","",""
"
        cxg_admin role can delete published Datasets during revisions using query_param flag 'delete_published=true'
        ","35","test__delete_published_dataset_cxg_admin","tests.unit.backend.layers.api","Thu Apr 10 14:35:42 GMT 2025","passed","Thu Apr 10 14:35:42 GMT 2025","TestDeleteDataset","test_curation_api","",""
"Run method when check_datasets returns errors.","1","test_run_neg","tests.unit.processing.schema_migration","Thu Apr 10 14:36:25 GMT 2025","passed","Thu Apr 10 14:36:25 GMT 2025","TestPublishRevisions","test_publish_revisions","",""
"","0","test_type_inference[parameters11]","tests.unit.processing","Thu Apr 10 14:36:35 GMT 2025","passed","Thu Apr 10 14:36:35 GMT 2025","","test_type_conversion_utils","",""
"If this fails then the server does not work","5","test__api_index__returns_200","tests.unit.backend.layers.api","Thu Apr 10 14:35:40 GMT 2025","passed","Thu Apr 10 14:35:40 GMT 2025","TestAPI","test_app","",""
"","484","test__query_request_multi_primary_dims_only__returns_200_and_correct_response","tests.unit.backend.wmg.api","Thu Apr 10 14:35:37 GMT 2025","passed","Thu Apr 10 14:35:38 GMT 2025","WmgApiV2Tests","test_v2","",""
"","4","test__update_collection_by_version_id__403","tests.unit.backend.layers.api","Thu Apr 10 14:35:42 GMT 2025","passed","Thu Apr 10 14:35:42 GMT 2025","TestPatchCollectionID","test_curation_api","",""
"","10","test__set_collection_version_datasets_order__OK","tests.unit.backend.layers.api","Thu Apr 10 14:35:45 GMT 2025","passed","Thu Apr 10 14:35:45 GMT 2025","TestUpdateCollection","test_portal_api","",""
"","8","test__verify_expected_private_collection_fields","tests.unit.backend.layers.api","Thu Apr 10 14:35:41 GMT 2025","passed","Thu Apr 10 14:35:41 GMT 2025","TestGetCollections","test_curation_api","",""
"","10","test_update_collection_with_empty_required_fields","tests.unit.backend.layers.api","Thu Apr 10 14:35:42 GMT 2025","passed","Thu Apr 10 14:35:42 GMT 2025","TestPatchCollectionID","test_curation_api","",""
"","0","test__link__INVALID[lab_website-.com]","tests.unit.backend.layers.common","Thu Apr 10 14:35:48 GMT 2025","passed","Thu Apr 10 14:35:48 GMT 2025","","test_validation","",""
"
        An unpublished collection should not be obtained using get_collection
        Instead, `get_collection_version` should be used
        ","3","test_get_published_collection_version_for_published_collection_is_none","tests.unit.backend.layers.business","Thu Apr 10 14:35:46 GMT 2025","passed","Thu Apr 10 14:35:46 GMT 2025","TestGetCollectionVersion","test_business","",""
"
        Delete a collection under revision.
        ","36","test__revision_deleted__204","tests.unit.backend.layers.api","Thu Apr 10 14:35:46 GMT 2025","passed","Thu Apr 10 14:35:46 GMT 2025","TestDeleteRevision","test_portal_api","",""
"","4","test__cancel_dataset_download__user_not_logged_in","tests.unit.backend.layers.api","Thu Apr 10 14:35:45 GMT 2025","passed","Thu Apr 10 14:35:45 GMT 2025","TestDataset","test_portal_api","",""
"
        GET /collections/:collection_id retrieves the published version given a canonical collection_id
        ","11","test__get_collection_id_retrieves_published_version_by_collection_id","tests.unit.backend.layers.api","Thu Apr 10 14:35:45 GMT 2025","passed","Thu Apr 10 14:35:45 GMT 2025","TestCollection","test_portal_api","",""
"","84","test__filter_request_with_filter_dims__returns_valid_filter_dims__base_case","tests.unit.backend.wmg.api","Thu Apr 10 14:35:12 GMT 2025","passed","Thu Apr 10 14:35:12 GMT 2025","WmgApiV2Tests","test_v2","",""
"","10","test__update_collection__links_None_does_not_remove_publisher_metadata","tests.unit.backend.layers.api","Thu Apr 10 14:35:42 GMT 2025","passed","Thu Apr 10 14:35:42 GMT 2025","TestPatchCollectionID","test_curation_api","",""
"","0","test__link__INVALID[raw_data-://]","tests.unit.backend.layers.common","Thu Apr 10 14:35:48 GMT 2025","passed","Thu Apr 10 14:35:48 GMT 2025","","test_validation","",""
"","1","test_type_inference[parameters20]","tests.unit.processing","Thu Apr 10 14:36:35 GMT 2025","passed","Thu Apr 10 14:36:35 GMT 2025","","test_type_conversion_utils","",""
"","41","test__get_collection__ok","tests.unit.backend.layers.api","Thu Apr 10 14:35:45 GMT 2025","passed","Thu Apr 10 14:35:45 GMT 2025","TestCollection","test_portal_api","",""
"","22","test__convert_dataframe_to_cxg_array__writes_successfully","tests.unit.processing","Thu Apr 10 14:36:25 GMT 2025","passed","Thu Apr 10 14:36:25 GMT 2025","TestCxgGenerationUtils","test_cxg_generation_utils","",""
"
        The `my-collections/index` endpoint should return all public collections and the private
        collections the user has WRITE access to. Curators can see all public collectoins and private collections where
        they are the owner. Super Curators can see all public and private collections.
        ","23","test__get_all_user_collections_for_index","tests.unit.backend.layers.api","Thu Apr 10 14:35:45 GMT 2025","passed","Thu Apr 10 14:35:45 GMT 2025","TestCollection","test_portal_api","",""
"","34","test__create_h5ad_data_file__non_h5ad_raises_exception","tests.unit.processing","Thu Apr 10 14:36:27 GMT 2025","passed","Thu Apr 10 14:36:27 GMT 2025","TestH5ADDataFile","test_h5ad_data_file","",""
"
        Get currently published dataset version using canonical dataset ID, or most recent active unpublished dataset
        if none are published.
        ","23","test_get_dataset_version_from_canonical","tests.unit.backend.layers.business","Thu Apr 10 14:35:47 GMT 2025","passed","Thu Apr 10 14:35:47 GMT 2025","TestGetDataset","test_business","",""
"
        A dataset artifact can be added using `add_dataset_artifact`
        ","4","test_add_dataset_artifact_ok","tests.unit.backend.layers.business","Thu Apr 10 14:35:47 GMT 2025","passed","Thu Apr 10 14:35:47 GMT 2025","TestUpdateDataset","test_business","",""
"","7","test_rollback_public_collection","tests.unit.processing","Thu Apr 10 14:36:34 GMT 2025","passed","Thu Apr 10 14:36:34 GMT 2025","","test_rollback","",""
"","1","test_non_migration_event_triggers_slack","tests.unit.processing","Thu Apr 10 14:36:29 GMT 2025","passed","Thu Apr 10 14:36:29 GMT 2025","","test_handle_error","",""
"","1","test_close_ready_for_prod_no_issues","tests.unit.scripts","Thu Apr 10 14:35:43 GMT 2025","passed","Thu Apr 10 14:35:43 GMT 2025","TestCloseReadyForProd","test_zenhub_close","",""
"
        The `collections/index` endpoint should only return public collections
        ","19","test__get_all_collections_for_index","tests.unit.backend.layers.api","Thu Apr 10 14:35:45 GMT 2025","passed","Thu Apr 10 14:35:45 GMT 2025","TestCollection","test_portal_api","",""
"","5","test__generate_s3_credentials__by_collection_version_id","tests.unit.backend.layers.api","Thu Apr 10 14:35:41 GMT 2025","passed","Thu Apr 10 14:35:41 GMT 2025","TestS3Credentials","test_curation_api","",""
"","380","test__schema4__filter_request_with_nonempty_criteria__excludes_comma_delimited_ethnicity_values","tests.unit.backend.wmg.api","Thu Apr 10 14:35:39 GMT 2025","passed","Thu Apr 10 14:35:39 GMT 2025","WmgApiV2Tests","test_v2","",""
"","28","test_get_tombstoned_dataset_in_a_collection_410","tests.unit.backend.layers.api","Thu Apr 10 14:35:42 GMT 2025","passed","Thu Apr 10 14:35:42 GMT 2025","TestGetDatasets","test_curation_api","",""
"
        Attempting to update a dataset with a non-success processing status raises an exception.
        ","5","test_update_dataset_artifact_metadata_invalid_status_error","tests.unit.backend.layers.business","Thu Apr 10 14:35:47 GMT 2025","passed","Thu Apr 10 14:35:47 GMT 2025","TestUpdateDataset","test_business","",""
"","1","test_type_inference[parameters31]","tests.unit.processing","Thu Apr 10 14:36:35 GMT 2025","passed","Thu Apr 10 14:36:35 GMT 2025","","test_type_conversion_utils","",""
"
        Updated Dataset assets and rows in private Collection should not be deleted until after Collection is deleted
        ","9","test_cleanup_occurs_after_deletion_for_private_collection","tests.unit.backend.layers.business","Thu Apr 10 14:35:47 GMT 2025","passed","Thu Apr 10 14:35:47 GMT 2025","TestDeleteDataset","test_business","",""
"","1","test_type_inference[parameters8]","tests.unit.processing","Thu Apr 10 14:36:35 GMT 2025","passed","Thu Apr 10 14:36:35 GMT 2025","","test_type_conversion_utils","",""
"","1127","test__pipeline_fails_if_census_schema_version_unsupported","tests.unit.wmg_processing","Thu Apr 10 14:35:47 GMT 2025","passed","Thu Apr 10 14:35:49 GMT 2025","TestCubePipe","test_cube_pipeline","",""
"","33","test_cell_type_ancestors","tests.unit.wmg_processing","Thu Apr 10 14:35:34 GMT 2025","passed","Thu Apr 10 14:35:34 GMT 2025","CellTypeAncestorTests","test_cell_type_ancestors","",""
"","12","test_update_metadata__rds_skipped","tests.unit.processing","Thu Apr 10 14:36:26 GMT 2025","passed","Thu Apr 10 14:36:26 GMT 2025","TestUpdateMetadataHandler","test_dataset_metadata_update","",""
"","1","test_get_spatial_metadata__is_single_true_and_fullres_false","tests.unit.processing","Thu Apr 10 14:36:27 GMT 2025","passed","Thu Apr 10 14:36:27 GMT 2025","TestAddLabels","test_extract_metadata","",""
"","17","test__list_collection__check_owner__no_auth","tests.unit.backend.layers.api","Thu Apr 10 14:35:45 GMT 2025","passed","Thu Apr 10 14:35:45 GMT 2025","TestCollection","test_portal_api","",""
"","4","test_post_datasets_super","tests.unit.backend.layers.api","Thu Apr 10 14:35:44 GMT 2025","passed","Thu Apr 10 14:35:44 GMT 2025","TestPostDataset","test_curation_api","",""
"","1","test_remove_duplicate_dataset_assets_no_duplicates","tests.unit.backend.common","Thu Apr 10 14:35:57 GMT 2025","passed","Thu Apr 10 14:35:57 GMT 2025","","test_common","",""
"","17","test_get_dataset_version","tests.unit.backend.layers.business","Thu Apr 10 14:35:47 GMT 2025","passed","Thu Apr 10 14:35:47 GMT 2025","TestGetDataset","test_business","",""
"
        Calling PUT /datasets/:dataset_id should fail with 401 Unauthorized if the user is not authenticated
        ","6","test__from_link__no_auth","tests.unit.backend.layers.api","Thu Apr 10 14:35:44 GMT 2025","passed","Thu Apr 10 14:35:44 GMT 2025","TestPutManifestATAC","test_curation_api","",""
"","41","test_when_item_is_in_config_but_not_in_env_and_use_env_is_set_we_use_config","tests.unit.backend.layers.utils","Thu Apr 10 14:35:56 GMT 2025","passed","Thu Apr 10 14:35:56 GMT 2025","TestSecretConfig","test_secret_config","",""
"Check that file in the artifact bucket are not delete if error_step is not download-validate.","1","test_cleanup_artifacts__not_download_validate","tests.unit.processing","Thu Apr 10 14:36:29 GMT 2025","passed","Thu Apr 10 14:36:29 GMT 2025","TestCleanupArtifacts","test_handle_error","",""
"","0","test_sanitize_api_query_dict[input_query3-expected_sanitized_query3]","tests.unit.backend.wmg.api.common","Thu Apr 10 14:35:12 GMT 2025","passed","Thu Apr 10 14:35:12 GMT 2025","","test_wmg_api_helpers","",""
"","5","test__update_collection__OK","tests.unit.backend.layers.api","Thu Apr 10 14:35:45 GMT 2025","passed","Thu Apr 10 14:35:45 GMT 2025","TestUpdateCollection","test_portal_api","",""
"","164","test__query_explicit_cell_ordering__returns_correct_cell_ordering","tests.unit.backend.wmg.api","Thu Apr 10 14:35:37 GMT 2025","passed","Thu Apr 10 14:35:37 GMT 2025","WmgApiV2Tests","test_v2","",""
"
        Given a canonical collection with a published version and an unpublished version where is_auto_version is False,
        creating another unpublished collection version where is_auto_version is True will succeed.
        ","18","test_create_collection_version_is_auto_version_succeeds__with_revision","tests.unit.backend.layers.business","Thu Apr 10 14:35:48 GMT 2025","passed","Thu Apr 10 14:35:48 GMT 2025","TestCollectionOperations","test_business","",""
"
    Test the method to generate deep zoom assets
    ","2","test__generate_deep_zoom_assets","tests.unit.processing","Thu Apr 10 14:36:35 GMT 2025","passed","Thu Apr 10 14:36:35 GMT 2025","","test_spatial_assets_utils","",""
"","0","test_invalid_characters_in_field[text\x01]","tests.unit.backend.layers.common","Thu Apr 10 14:35:48 GMT 2025","passed","Thu Apr 10 14:35:48 GMT 2025","","test_validation","",""
"A published fragment is used in the manifest. This will pass validation, but the hash of the new file is
        different, so a new artifact will be added to the dataset version.","3","test_old_fragment_replaced_because_hash_difference","tests.unit.processing","Thu Apr 10 14:36:29 GMT 2025","passed","Thu Apr 10 14:36:29 GMT 2025","TestProcessValidateAtac","test_process_validate_atac","",""
"","3","test__get_all_user_collections_for_index_requires_auth","tests.unit.backend.layers.api","Thu Apr 10 14:35:45 GMT 2025","passed","Thu Apr 10 14:35:45 GMT 2025","TestCollection","test_portal_api","",""
"","1","test_blank_fields","tests.unit.backend.layers.common","Thu Apr 10 14:35:48 GMT 2025","passed","Thu Apr 10 14:35:48 GMT 2025","","test_validation","",""
"","3","test_has_valid_artifact_statuses__invalid_cxg_status_1","tests.unit.processing","Thu Apr 10 14:36:26 GMT 2025","passed","Thu Apr 10 14:36:26 GMT 2025","TestValidArtifactStatuses","test_dataset_metadata_update","",""
"","1","test_create_migration_revision__private","tests.unit.processing.schema_migration","Thu Apr 10 14:36:24 GMT 2025","passed","Thu Apr 10 14:36:24 GMT 2025","TestCollectionMigrate","test_collection_migrate","",""
"
    Test that the `rollup` function correctly accumulates (or rolls up) gene-expression
    values FOR EACH expressed gene and cell count values up the cell type ANCESTOR paths
    grouped by (tissue_ontology_term_id, cell_type_ontology_term_id, <compare_dimension>).

    The input:

    1. A cell type ontology subgraph consisting of 4 cell types.

    CL:0000127
    ├── CL:0000644
    ├── CL:0002605
    └── CL:0002627

    2. A gene expression dataframe consisting of expression numeric values for each
    (gene_ontology_term_id, tissue_ontology_term_id, cell_type_ontology_term_id, <compare_dimension>) tuple.
    3. The gene expression dataframe also holds total cell counts per tissue_ontology_term_id.
    This value is held in a column called `n_cells_tissue`.
    6. A cell counts dataframe that consists of cell counts for each
    (tissue_ontology_term_id, cell_type_ontology_term_id, <compare_dimension>) tuple.
    7. We set the `n_cells_tissue` column values to 1000 for all rows
    in the gene expression dataframe.
    8. We set all other numeric column values to `1` in the gene expression dataframe.

    The expected output:

    1. A rolled up gene expression dataframe.
    2. A rolled up cell counts dataframe.
    3. Assert that `n_cells_tissue` column value in the rolled up gene expression dataframe
    does not change for all rows because it should not be rolled up the cell type ontology
    ancestor paths.
    4. Assert that other numeric column values (i.e the columns that are not `n_cells_tissue`)
    in the rolled up gene expression dataframe hold the correct rolled up values.
    5. Assert that the cell counts in the rolled up cell counts dataframe hold the correct
    rolled up values.
    ","38","test__rollup[no_compare_dim_all_tissues_have_all_cell_types-input_cell_counts_df0-expected_cell_counts_df0-input_gene_expr_df0-expected_gene_expr_df0]","tests.unit.backend.wmg.api.common","Thu Apr 10 14:35:11 GMT 2025","passed","Thu Apr 10 14:35:11 GMT 2025","","test_rollup","",""
"The old token fails to authenticate","4","test__post_token__401_old_token","tests.unit.backend.layers.api","Thu Apr 10 14:35:44 GMT 2025","passed","Thu Apr 10 14:35:44 GMT 2025","TestAuthToken","test_curation_api","",""
"
        Tests the explorer <-> portal integration.
        The steps carried out by this test are:
        1. Generate the explorer_url
        2. Call the `get_dataset_identifiers` endpoint, retrieve `collection_id` and `dataset_id` from there
        3. Call the GET /collections/:collection_id endpoint, locate the dataset
        ","76","test__explorer_portal_integration","tests.unit.backend.layers.api","Thu Apr 10 14:35:45 GMT 2025","passed","Thu Apr 10 14:35:45 GMT 2025","TestDataset","test_portal_api","",""
"
        A collection updated with a new DOI should get new publisher metadata from Crossref
        ","2","test_update_collection_change_doi","tests.unit.backend.layers.business","Thu Apr 10 14:35:47 GMT 2025","passed","Thu Apr 10 14:35:47 GMT 2025","TestUpdateCollection","test_business","",""
"","1","test_type_inference[parameters84]","tests.unit.processing","Thu Apr 10 14:36:35 GMT 2025","passed","Thu Apr 10 14:36:35 GMT 2025","","test_type_conversion_utils","",""
"","66","test_filter_relationships","tests.unit.wmg_processing","Thu Apr 10 14:37:43 GMT 2025","passed","Thu Apr 10 14:37:43 GMT 2025","FilterRelationshipsTests","test_filter_relationships","",""
"","19","test_delete_published_dataset__fail","tests.unit.backend.layers.business","Thu Apr 10 14:35:47 GMT 2025","passed","Thu Apr 10 14:35:47 GMT 2025","TestDeleteDataset","test_business","",""
"","155","test__query_total_cell_count_per_cell_type","tests.unit.backend.wmg.api","Thu Apr 10 14:35:38 GMT 2025","passed","Thu Apr 10 14:35:39 GMT 2025","WmgApiV2Tests","test_v2","",""
"","1","test_type_inference[parameters61]","tests.unit.processing","Thu Apr 10 14:36:35 GMT 2025","passed","Thu Apr 10 14:36:35 GMT 2025","","test_type_conversion_utils","",""
"","391","test__schema4__filter_request_with_empty_criteria__excludes_comma_delimited_ethnicity_values","tests.unit.backend.wmg.api","Thu Apr 10 14:35:39 GMT 2025","passed","Thu Apr 10 14:35:39 GMT 2025","WmgApiV2Tests","test_v2","",""
"
        Calling PUT /datasets/:dataset_id  should fail if version IDs are used for unpublished collections or
        for referencing datasets
        ","10","test_from_link__403","tests.unit.backend.layers.api","Thu Apr 10 14:35:44 GMT 2025","passed","Thu Apr 10 14:35:44 GMT 2025","TestPutLink","test_curation_api","",""
"","5","test__post_collection_rejects_invalid_consortia","tests.unit.backend.layers.api","Thu Apr 10 14:35:45 GMT 2025","passed","Thu Apr 10 14:35:45 GMT 2025","TestCollection","test_portal_api","",""
"","48","test__create_h5ad_data_file__no_copy_if_var_index_name_already_in_columns","tests.unit.processing","Thu Apr 10 14:36:27 GMT 2025","passed","Thu Apr 10 14:36:27 GMT 2025","TestH5ADDataFile","test_h5ad_data_file","",""
"","4","test__post_collection_adds_publisher_metadata","tests.unit.backend.layers.api","Thu Apr 10 14:35:45 GMT 2025","passed","Thu Apr 10 14:35:45 GMT 2025","TestCollection","test_portal_api","",""
"","0","test__link__INVALID[protocol-.com]","tests.unit.backend.layers.common","Thu Apr 10 14:35:48 GMT 2025","passed","Thu Apr 10 14:35:48 GMT 2025","","test_validation","",""
"
        When publishing a revision - and there is no change in DOI - publisher metadata should not be
        updated if the deposited date is before the revised at or originally published at date of the
        corresponding collection.
        ","19","test_publish_revision_same_doi_publisher_metadata_not_updated_ok","tests.unit.backend.layers.business","Thu Apr 10 14:35:48 GMT 2025","passed","Thu Apr 10 14:35:48 GMT 2025","TestCollectionOperations","test_business","",""
"","7","test__get_collection_versions_not_a_uuid__403","tests.unit.backend.layers.api","Thu Apr 10 14:35:41 GMT 2025","passed","Thu Apr 10 14:35:41 GMT 2025","TestGetCollectionVersions","test_curation_api","",""
"","3","test__cancel_dataset_download__dataset_does_not_exist","tests.unit.backend.layers.api","Thu Apr 10 14:35:45 GMT 2025","passed","Thu Apr 10 14:35:45 GMT 2025","TestDataset","test_portal_api","",""
"","1095","test_primary_filter_dimensions","tests.unit.wmg_processing","Thu Apr 10 14:39:11 GMT 2025","passed","Thu Apr 10 14:39:12 GMT 2025","PrimaryFilterDimensionsTests","test_primary_filter_dimensions","",""
"","1","test_delete_artifacts_with_rdev_prefix","tests.unit.backend.layers.business","Thu Apr 10 14:35:47 GMT 2025","passed","Thu Apr 10 14:35:47 GMT 2025","TestDeleteDataset","test_business","",""
"","0","test__link__INVALID[data_source-.com]","tests.unit.backend.layers.common","Thu Apr 10 14:35:48 GMT 2025","passed","Thu Apr 10 14:35:48 GMT 2025","","test_validation","",""
"","10","test__get_collection_with_dataset_failing_pipeline","tests.unit.backend.layers.api","Thu Apr 10 14:35:41 GMT 2025","passed","Thu Apr 10 14:35:41 GMT 2025","TestGetCollectionID","test_curation_api","",""
"
        Calling PUT /datasets/:dataset_id should succeed if a valid link is uploaded by the owner of the collection or
        a super curator
        ","45","test__new_from_link__OK","tests.unit.backend.layers.api","Thu Apr 10 14:35:44 GMT 2025","passed","Thu Apr 10 14:35:44 GMT 2025","TestPutManifest","test_curation_api","",""
"","15","test_get_wmg_snapshot_fullpath[/tmp]","tests.unit.backend.wmg.data","Thu Apr 10 14:35:40 GMT 2025","passed","Thu Apr 10 14:35:40 GMT 2025","","test_snapshot","",""
"Published collections are tombstoned.","14","test_delete_published_collection__ok","tests.unit.backend.layers.api","Thu Apr 10 14:35:45 GMT 2025","passed","Thu Apr 10 14:35:45 GMT 2025","TestCollectionDeletion","test_portal_api","",""
"","9","test_patch_private_collection_dataset_super_202","tests.unit.backend.layers.api","Thu Apr 10 14:35:42 GMT 2025","passed","Thu Apr 10 14:35:42 GMT 2025","TestPatchDataset","test_curation_api","",""
"","1","test_type_inference[parameters87]","tests.unit.processing","Thu Apr 10 14:36:35 GMT 2025","passed","Thu Apr 10 14:36:35 GMT 2025","","test_type_conversion_utils","",""
"
    Test that the `rollup` function correctly accumulates (or rolls up) gene-expression
    values FOR EACH expressed gene and cell count values up the cell type ANCESTOR paths
    grouped by (tissue_ontology_term_id, cell_type_ontology_term_id, <compare_dimension>).

    The input:

    1. A cell type ontology subgraph consisting of 4 cell types.

    CL:0000127
    ├── CL:0000644
    ├── CL:0002605
    └── CL:0002627

    2. A gene expression dataframe consisting of expression numeric values for each
    (gene_ontology_term_id, tissue_ontology_term_id, cell_type_ontology_term_id, <compare_dimension>) tuple.
    3. The gene expression dataframe also holds total cell counts per tissue_ontology_term_id.
    This value is held in a column called `n_cells_tissue`.
    6. A cell counts dataframe that consists of cell counts for each
    (tissue_ontology_term_id, cell_type_ontology_term_id, <compare_dimension>) tuple.
    7. We set the `n_cells_tissue` column values to 1000 for all rows
    in the gene expression dataframe.
    8. We set all other numeric column values to `1` in the gene expression dataframe.

    The expected output:

    1. A rolled up gene expression dataframe.
    2. A rolled up cell counts dataframe.
    3. Assert that `n_cells_tissue` column value in the rolled up gene expression dataframe
    does not change for all rows because it should not be rolled up the cell type ontology
    ancestor paths.
    4. Assert that other numeric column values (i.e the columns that are not `n_cells_tissue`)
    in the rolled up gene expression dataframe hold the correct rolled up values.
    5. Assert that the cell counts in the rolled up cell counts dataframe hold the correct
    rolled up values.
    ","23","test__rollup[with_ethnicity_compare_dim_on_single_tissue-input_cell_counts_df4-expected_cell_counts_df4-input_gene_expr_df4-expected_gene_expr_df4]","tests.unit.backend.wmg.api.common","Thu Apr 10 14:35:11 GMT 2025","passed","Thu Apr 10 14:35:12 GMT 2025","","test_rollup","",""
"","6","test__update_private_collection_dataset_invalid_collection__403","tests.unit.backend.layers.api","Thu Apr 10 14:35:46 GMT 2025","passed","Thu Apr 10 14:35:46 GMT 2025","TestDataset","test_portal_api","",""
"","55","test_get_dataset_id_version_4xx","tests.unit.backend.layers.api","Thu Apr 10 14:35:42 GMT 2025","passed","Thu Apr 10 14:35:43 GMT 2025","TestGetDatasetIdVersions","test_curation_api","",""
"","2","test__provider_parses_authors_and_dates_correctly","tests.unit.backend.common","Thu Apr 10 14:35:57 GMT 2025","passed","Thu Apr 10 14:35:57 GMT 2025","TestCrossrefProvider","test_crossref_provider","",""
"
        Private datasets the user is authorized to view can be retrieved with
        `get_all_private_collection_versions_with_datasets`.
        ","116","test_get_all_private_datasets_ok","tests.unit.backend.layers.business","Thu Apr 10 14:35:47 GMT 2025","passed","Thu Apr 10 14:35:47 GMT 2025","TestGetAllDatasets","test_business","",""
"
    Test the cropping method to ensure the image is cropped to a square
    ","0","test__crop_to_aspect_ratio[23-11]","tests.unit.processing","Thu Apr 10 14:36:35 GMT 2025","passed","Thu Apr 10 14:36:35 GMT 2025","","test_spatial_assets_utils","",""
"","12232","test__markers_returns_200_and_correct_response","tests.unit.backend.wmg.api","Thu Apr 10 14:35:12 GMT 2025","passed","Thu Apr 10 14:35:24 GMT 2025","WmgApiV2Tests","test_v2","",""
"
        Attempting to update a dataset with an invalid title raises an exception.
        ","4","test_update_dataset_artifact_metadata_invalid_title_error","tests.unit.backend.layers.business","Thu Apr 10 14:35:47 GMT 2025","passed","Thu Apr 10 14:35:47 GMT 2025","TestUpdateDataset","test_business","",""
"","10","test__update_collection__doi_does_not_exist__BAD_REQUEST","tests.unit.backend.layers.api","Thu Apr 10 14:35:41 GMT 2025","passed","Thu Apr 10 14:35:42 GMT 2025","TestPatchCollectionID","test_curation_api","",""
"","25","test__get_collection_id_returns_revision_of_published_collection","tests.unit.backend.layers.api","Thu Apr 10 14:35:45 GMT 2025","passed","Thu Apr 10 14:35:45 GMT 2025","TestCollection","test_portal_api","",""
"","1","test_type_inference[parameters0]","tests.unit.processing","Thu Apr 10 14:36:35 GMT 2025","passed","Thu Apr 10 14:36:35 GMT 2025","","test_type_conversion_utils","",""
"
        `publish_collection_version` should fail if called on a collection version that is already published.
        ","9","test_publish_version_fails_on_published_collection","tests.unit.backend.layers.business","Thu Apr 10 14:35:48 GMT 2025","passed","Thu Apr 10 14:35:48 GMT 2025","TestCollectionOperations","test_business","",""
"
        Successfully calls NCBIProvider fetch and search functions with a parameter of only gene ID
        ","3","test_gene_info_with_id","tests.unit.backend.layers.api","Thu Apr 10 14:35:44 GMT 2025","passed","Thu Apr 10 14:35:44 GMT 2025","GeneInfoAPIv1Tests","test_gene_info","",""
"","152","test__to_cxg__simple_anndata_with_corpora_and_dense_using_feature_name_var_index","tests.unit.processing","Thu Apr 10 14:36:28 GMT 2025","passed","Thu Apr 10 14:36:28 GMT 2025","TestH5ADDataFile","test_h5ad_data_file","",""
"
        Attempting to update a dataset without providing a title raises an exception.
        ","4","test_update_dataset_artifact_metadata_missing_title_error","tests.unit.backend.layers.business","Thu Apr 10 14:35:47 GMT 2025","passed","Thu Apr 10 14:35:47 GMT 2025","TestUpdateDataset","test_business","",""
"","3","test_has_valid_artifact_statuses__invalid_h5ad_status_1","tests.unit.processing","Thu Apr 10 14:36:26 GMT 2025","passed","Thu Apr 10 14:36:26 GMT 2025","TestValidArtifactStatuses","test_dataset_metadata_update","",""
"","0","test__link__INVALID[protocol-https://]","tests.unit.backend.layers.common","Thu Apr 10 14:35:48 GMT 2025","passed","Thu Apr 10 14:35:48 GMT 2025","","test_validation","",""
"
        Calling PUT /datasets/:dataset_id should fail with 403 Unauthorized
        if the authenticated user is not the owner of a collection
        ","9","test__from_link__Not_Owner","tests.unit.backend.layers.api","Thu Apr 10 14:35:44 GMT 2025","passed","Thu Apr 10 14:35:44 GMT 2025","TestPutManifestATAC","test_curation_api","",""
"","9","test_post_datasets_public_collection_405","tests.unit.backend.layers.api","Thu Apr 10 14:35:44 GMT 2025","passed","Thu Apr 10 14:35:44 GMT 2025","TestPostDataset","test_curation_api","",""
"
        An empty dataset can be added to a collection when `create_empty_dataset` is called.
        The resulting dataset should be empty and in a state ready for processing.
        ","1","test_add_empty_dataset_ok","tests.unit.backend.layers.business","Thu Apr 10 14:35:47 GMT 2025","passed","Thu Apr 10 14:35:47 GMT 2025","TestUpdateCollectionDatasets","test_business","",""
"","10","test__update_private_collection_dataset__ok","tests.unit.backend.layers.api","Thu Apr 10 14:35:46 GMT 2025","passed","Thu Apr 10 14:35:46 GMT 2025","TestDataset","test_portal_api","",""
"","4","test__link_no_auth__401","tests.unit.backend.layers.api","Thu Apr 10 14:35:46 GMT 2025","passed","Thu Apr 10 14:35:46 GMT 2025","TestCollectionPostUploadLink","test_portal_api","",""
"","9","test_get_nonexistent_dataset_4xx","tests.unit.backend.layers.api","Thu Apr 10 14:35:42 GMT 2025","passed","Thu Apr 10 14:35:42 GMT 2025","TestGetDatasets","test_curation_api","",""
"
        Calling DELETE /collections/:collection_id/datasets/:dataset_id should return a 403 in all cases with auth
        credentials, and a 401 without auth credentials
        ","16","test__delete_dataset_by_version_id","tests.unit.backend.layers.api","Thu Apr 10 14:35:42 GMT 2025","passed","Thu Apr 10 14:35:42 GMT 2025","TestDeleteDataset","test_curation_api","",""
"","42","test_from_aws","tests.unit.backend.layers.utils","Thu Apr 10 14:35:55 GMT 2025","passed","Thu Apr 10 14:35:55 GMT 2025","TestSecretConfig","test_secret_config","",""
"
        A collection version can be deleted using `delete_collection_version`
        ","16","test_delete_collection_version_ok","tests.unit.backend.layers.business","Thu Apr 10 14:35:48 GMT 2025","passed","Thu Apr 10 14:35:48 GMT 2025","TestCollectionOperations","test_business","",""
"","0","test_adata_with_canonical_X","tests.unit.processing","Thu Apr 10 14:36:29 GMT 2025","passed","Thu Apr 10 14:36:29 GMT 2025","TestEnforceCanonical","test_matrix_utils","",""
"","1","test_type_inference[parameters44]","tests.unit.processing","Thu Apr 10 14:36:35 GMT 2025","passed","Thu Apr 10 14:36:35 GMT 2025","","test_type_conversion_utils","",""
"","9","test_delete_private_collection_version__ok","tests.unit.backend.layers.api","Thu Apr 10 14:35:45 GMT 2025","passed","Thu Apr 10 14:35:45 GMT 2025","TestCollectionDeletion","test_portal_api","",""
"","0","test_get_wmg_snapshot_rel_path","tests.unit.backend.wmg.data","Thu Apr 10 14:35:40 GMT 2025","passed","Thu Apr 10 14:35:40 GMT 2025","","test_snapshot","",""
"
        A collection can be created using `create_collection`
        ","1","test_create_collection_ok","tests.unit.backend.layers.business","Thu Apr 10 14:35:46 GMT 2025","passed","Thu Apr 10 14:35:46 GMT 2025","TestCreateCollection","test_business","",""
"","2","test_dataset_migrate_revision","tests.unit.processing.schema_migration","Thu Apr 10 14:36:24 GMT 2025","passed","Thu Apr 10 14:36:24 GMT 2025","TestDatasetMigrate","test_dataset_migrate","",""
"","12280","test__query_marker_genes_cube__returns_correct_top_10_markers","tests.unit.backend.wmg","Thu Apr 10 14:36:17 GMT 2025","passed","Thu Apr 10 14:36:29 GMT 2025","QueryTest","test_query","",""
"","8","test_delete_dataset_in_private_collection__ok","tests.unit.backend.layers.business","Thu Apr 10 14:35:47 GMT 2025","passed","Thu Apr 10 14:35:47 GMT 2025","TestDeleteDataset","test_business","",""
"","5","test_patch_private_collection_dataset_not_authorized_403","tests.unit.backend.layers.api","Thu Apr 10 14:35:42 GMT 2025","passed","Thu Apr 10 14:35:42 GMT 2025","TestPatchDataset","test_curation_api","",""
"
        Test fetching index of most recently published collection versions with datasets matching a given
        CxG schema version
        ","39","test_get_latest_published_collection_versions_by_schema","tests.unit.backend.layers.business","Thu Apr 10 14:35:48 GMT 2025","passed","Thu Apr 10 14:35:48 GMT 2025","TestGetEntitiesBySchema","test_business","",""
"","6","test__get_manifest_by_dataset_version_id_fails","tests.unit.backend.layers.api","Thu Apr 10 14:35:44 GMT 2025","passed","Thu Apr 10 14:35:44 GMT 2025","TestGetDatasetManifest","test_curation_api","",""
"","1","test_delete_skipped[DatasetConversionStatus.SKIPPED]","tests.unit.processing","Thu Apr 10 14:36:29 GMT 2025","passed","Thu Apr 10 14:36:29 GMT 2025","TestDeleteAtacFragmentFiles","test_handle_error","",""
"","5","test__oversized__413","tests.unit.backend.layers.api","Thu Apr 10 14:35:46 GMT 2025","passed","Thu Apr 10 14:35:46 GMT 2025","TestCollectionPostUploadLink","test_portal_api","",""
"
        Successfully raises exception for ensembl IDs that do not exist
        ","344","test_incorrect_gene_ids","tests.unit.backend.layers.api","Thu Apr 10 14:35:44 GMT 2025","passed","Thu Apr 10 14:35:45 GMT 2025","GeneInfoAPIv1Tests","test_gene_info","",""
"","5","test_update_metadata__error_if_missing_raw_h5ad","tests.unit.processing","Thu Apr 10 14:36:25 GMT 2025","passed","Thu Apr 10 14:36:25 GMT 2025","TestUpdateMetadataHandler","test_dataset_metadata_update","",""
"","15","test_update_metadata","tests.unit.processing","Thu Apr 10 14:36:25 GMT 2025","passed","Thu Apr 10 14:36:25 GMT 2025","TestUpdateMetadataHandler","test_dataset_metadata_update","",""
"","1","test_type_inference[parameters64]","tests.unit.processing","Thu Apr 10 14:36:35 GMT 2025","passed","Thu Apr 10 14:36:35 GMT 2025","","test_type_conversion_utils","",""
"","5","test__update_collection_new_doi_updates_metadata","tests.unit.backend.layers.api","Thu Apr 10 14:35:45 GMT 2025","passed","Thu Apr 10 14:35:45 GMT 2025","TestUpdateCollection","test_portal_api","",""
"","5","test__update_collection_same_doi_does_not_update_metadata","tests.unit.backend.layers.api","Thu Apr 10 14:35:45 GMT 2025","passed","Thu Apr 10 14:35:45 GMT 2025","TestUpdateCollection","test_portal_api","",""
"","10","test__resurrect_collection","tests.unit.scripts","Thu Apr 10 14:35:43 GMT 2025","passed","Thu Apr 10 14:35:43 GMT 2025","TestTombstone","test_tombstone","",""
"Verify the test collection exists and the expected fields exist.","27","test__get_collection_id__ok","tests.unit.backend.layers.api","Thu Apr 10 14:35:45 GMT 2025","passed","Thu Apr 10 14:35:45 GMT 2025","TestCollection","test_portal_api","",""
"
        When publishing a private collection - and there is no change in DOI - publisher metadata should be
        updated if the deposited date is after the created at date of the corresponding collection.
        ","9","test_publish_private_collection_same_doi_publisher_metadata_updated_ok","tests.unit.backend.layers.business","Thu Apr 10 14:35:48 GMT 2025","passed","Thu Apr 10 14:35:48 GMT 2025","TestCollectionOperations","test_business","",""
"","1","test_invalid_email[@.]","tests.unit.backend.layers.common","Thu Apr 10 14:35:48 GMT 2025","passed","Thu Apr 10 14:35:48 GMT 2025","","test_validation","",""
"","1","test_delete_artifacts_delete_cxg","tests.unit.backend.layers.business","Thu Apr 10 14:35:47 GMT 2025","passed","Thu Apr 10 14:35:47 GMT 2025","TestDeleteDataset","test_business","",""
"","10","test__get_collection_with_x_approximate_distribution_none__OK","tests.unit.backend.layers.api","Thu Apr 10 14:35:41 GMT 2025","passed","Thu Apr 10 14:35:41 GMT 2025","TestGetCollectionID","test_curation_api","",""
"","1","test_type_inference[parameters52]","tests.unit.processing","Thu Apr 10 14:36:35 GMT 2025","passed","Thu Apr 10 14:36:35 GMT 2025","","test_type_conversion_utils","",""
"","3","test_has_valid_artifact_statuses__invalid_rds_status_0","tests.unit.processing","Thu Apr 10 14:36:26 GMT 2025","passed","Thu Apr 10 14:36:26 GMT 2025","TestValidArtifactStatuses","test_dataset_metadata_update","",""
"","8","test__can_publish_non_owned_collection_as_super_curator","tests.unit.backend.layers.api","Thu Apr 10 14:35:46 GMT 2025","passed","Thu Apr 10 14:35:46 GMT 2025","TestPublishRevision","test_portal_api","",""
"
        Calling `ingest_dataset` and specifying an existing dataset that is empty should start the ingestion
        without creating a new dataset version
        ","2","test_replace_dataset_on_empty_dataset_does_not_generate_new_ok","tests.unit.backend.layers.business","Thu Apr 10 14:35:47 GMT 2025","passed","Thu Apr 10 14:35:47 GMT 2025","TestUpdateCollectionDatasets","test_business","",""
"","7","test_get_dataset_no_assets","tests.unit.backend.layers.api","Thu Apr 10 14:35:42 GMT 2025","passed","Thu Apr 10 14:35:42 GMT 2025","TestGetDatasets","test_curation_api","",""
"","4","test_post_datasets_with_collection_201","tests.unit.backend.layers.api","Thu Apr 10 14:35:44 GMT 2025","passed","Thu Apr 10 14:35:44 GMT 2025","TestPostDataset","test_curation_api","",""
"","1","test_type_inference[parameters93]","tests.unit.processing","Thu Apr 10 14:36:35 GMT 2025","passed","Thu Apr 10 14:36:35 GMT 2025","","test_type_conversion_utils","",""
"","4","test__update_collection__OK","tests.unit.backend.layers.api","Thu Apr 10 14:35:41 GMT 2025","passed","Thu Apr 10 14:35:41 GMT 2025","TestPatchCollectionID","test_curation_api","",""
"","1030","test_get_dataset_id_versions_ok","tests.unit.backend.layers.api","Thu Apr 10 14:35:43 GMT 2025","passed","Thu Apr 10 14:35:44 GMT 2025","TestGetDatasetIdVersions","test_curation_api","",""
"","4","test__update_collection__Super_Curator","tests.unit.backend.layers.api","Thu Apr 10 14:35:41 GMT 2025","passed","Thu Apr 10 14:35:41 GMT 2025","TestPatchCollectionID","test_curation_api","",""
"
        Calling PUT /datasets/:dataset_id should fail with 403 Unauthorized
        if trying to upload to a published collection
        ","12","test__from_link__Not_Public","tests.unit.backend.layers.api","Thu Apr 10 14:35:44 GMT 2025","passed","Thu Apr 10 14:35:44 GMT 2025","TestPutManifestATAC","test_curation_api","",""
"
        Start a revision on a collection as a non-owner.
        ","14","test__revision_not_owner__403","tests.unit.backend.layers.api","Thu Apr 10 14:35:46 GMT 2025","passed","Thu Apr 10 14:35:46 GMT 2025","TestRevision","test_portal_api","",""
"","0","test_type_inference[parameters59]","tests.unit.processing","Thu Apr 10 14:36:35 GMT 2025","passed","Thu Apr 10 14:36:35 GMT 2025","","test_type_conversion_utils","",""
"","9","test_rollback_private_collections","tests.unit.processing","Thu Apr 10 14:36:34 GMT 2025","passed","Thu Apr 10 14:36:34 GMT 2025","","test_rollback","",""
"","5","test_with_published_collection","tests.unit.backend.layers.business","Thu Apr 10 14:35:48 GMT 2025","passed","Thu Apr 10 14:35:48 GMT 2025","TestSetPreviousDatasetVersion","test_business","",""
"","0","test_type_inference[parameters56]","tests.unit.processing","Thu Apr 10 14:36:35 GMT 2025","passed","Thu Apr 10 14:36:35 GMT 2025","","test_type_conversion_utils","",""
"
        Calling PUT /datasets/:dataset_id on an existing dataset_id should succeed if a valid link is uploaded by the
        owner of the collection or a super curator
        ","45","test__existing_from_link__OK","tests.unit.backend.layers.api","Thu Apr 10 14:35:44 GMT 2025","passed","Thu Apr 10 14:35:44 GMT 2025","TestPutLink","test_curation_api","",""
"","38649","test_expression_summary_and_cell_counts","tests.unit.wmg_processing","Thu Apr 10 14:36:16 GMT 2025","passed","Thu Apr 10 14:36:54 GMT 2025","ExpressionSummaryAndCellCountsTests","test_expression_summary_and_cell_counts","",""
"","44","test__get_collection_versions__200","tests.unit.backend.layers.api","Thu Apr 10 14:35:41 GMT 2025","passed","Thu Apr 10 14:35:41 GMT 2025","TestGetCollectionVersions","test_curation_api","",""
"","0","test_anndata_validation_success[{""anndata"": ""https://example.com/dataset.h5ad"", ""atac_fragments"": ""https://example.com/fragments.tsv.gz""}]","tests.unit.backend.common","Thu Apr 10 14:35:57 GMT 2025","passed","Thu Apr 10 14:35:57 GMT 2025","","test_manifest","",""
"","0","test_type_inference[parameters36]","tests.unit.processing","Thu Apr 10 14:36:35 GMT 2025","passed","Thu Apr 10 14:36:35 GMT 2025","","test_type_conversion_utils","",""
"","5","test__create_collection__InvalidParameters","tests.unit.backend.layers.api","Thu Apr 10 14:35:41 GMT 2025","passed","Thu Apr 10 14:35:41 GMT 2025","TestPostCollection","test_curation_api","",""
"","19","test_delete_published_dataset_in_revision__success","tests.unit.backend.layers.business","Thu Apr 10 14:35:47 GMT 2025","passed","Thu Apr 10 14:35:47 GMT 2025","TestDeleteDataset","test_business","",""
"","1430","test_dataset_metadata","tests.unit.wmg_processing","Thu Apr 10 14:36:01 GMT 2025","passed","Thu Apr 10 14:36:02 GMT 2025","DatasetMetadataTests","test_dataset_metadata","",""
"","1","test_parse_event_with_error_cause","tests.unit.processing","Thu Apr 10 14:36:29 GMT 2025","passed","Thu Apr 10 14:36:29 GMT 2025","","test_handle_error","",""
"
        Calling PUT /datasets/:dataset_id should fail with 401 Unauthorized if the user is not authenticated
        ","6","test__from_link__no_auth","tests.unit.backend.layers.api","Thu Apr 10 14:35:44 GMT 2025","passed","Thu Apr 10 14:35:44 GMT 2025","TestPutManifest","test_curation_api","",""
"
        Test that datasets that do not appear in the processed_datasets variable in log_errors_and_cleanup are skipped
        ","3","test_skip_unprocessed_datasets","tests.unit.processing.schema_migration","Thu Apr 10 14:36:24 GMT 2025","passed","Thu Apr 10 14:36:24 GMT 2025","TestLogErrorsAndCleanup","test_log_errors_and_cleanup","",""
"","9","test__update_collection__doi_is_not_CURIE_reference__BAD_REQUEST","tests.unit.backend.layers.api","Thu Apr 10 14:35:42 GMT 2025","passed","Thu Apr 10 14:35:42 GMT 2025","TestPatchCollectionID","test_curation_api","",""
"","0","test_type_inference[parameters17]","tests.unit.processing","Thu Apr 10 14:36:35 GMT 2025","passed","Thu Apr 10 14:36:35 GMT 2025","","test_type_conversion_utils","",""
"","11","test__update_private_collection_dataset_collection_published__403","tests.unit.backend.layers.api","Thu Apr 10 14:35:46 GMT 2025","passed","Thu Apr 10 14:35:46 GMT 2025","TestDataset","test_portal_api","",""
"","0","test_type_inference[parameters58]","tests.unit.processing","Thu Apr 10 14:36:35 GMT 2025","passed","Thu Apr 10 14:36:35 GMT 2025","","test_type_conversion_utils","",""
"
        Calling PUT /datasets/:dataset_id  should fail if version IDs are used for unpublished collections or
        for referencing datasets
        ","10","test_from_link__403","tests.unit.backend.layers.api","Thu Apr 10 14:35:44 GMT 2025","passed","Thu Apr 10 14:35:44 GMT 2025","TestPutManifest","test_curation_api","",""
"","54","test_get_dataset_version_4xx","tests.unit.backend.layers.api","Thu Apr 10 14:35:42 GMT 2025","passed","Thu Apr 10 14:35:42 GMT 2025","TestGetDatasetVersion","test_curation_api","",""
"","2","test_replace_existing_fragment","tests.unit.processing","Thu Apr 10 14:36:29 GMT 2025","passed","Thu Apr 10 14:36:29 GMT 2025","TestProcessValidateAtac","test_process_validate_atac","",""
"The 'revising_in' attribute is None for unauthorized public collections","12","test__get_collections_with_auth__OK_1","tests.unit.backend.layers.api","Thu Apr 10 14:35:41 GMT 2025","passed","Thu Apr 10 14:35:41 GMT 2025","TestGetCollections","test_curation_api","",""
"
        Outdated, unused Dataset assets and rows in private Collection not deleted until after Collection is published
        ","13","test_cleanup_occurs_after_publication_of_private_collection","tests.unit.backend.layers.business","Thu Apr 10 14:35:47 GMT 2025","passed","Thu Apr 10 14:35:47 GMT 2025","TestDeleteDataset","test_business","",""
"
        A Collection can be tombstoned
        ","8","test_tombstone_collection_ok","tests.unit.backend.layers.business","Thu Apr 10 14:35:48 GMT 2025","passed","Thu Apr 10 14:35:48 GMT 2025","TestCollectionOperations","test_business","",""
"","2","test_no_datasets","tests.unit.processing.schema_migration","Thu Apr 10 14:36:24 GMT 2025","passed","Thu Apr 10 14:36:24 GMT 2025","TestCollectionMigrate","test_collection_migrate","",""
"","15","test__get_nonexistent_collection__4xx","tests.unit.backend.layers.api","Thu Apr 10 14:35:41 GMT 2025","passed","Thu Apr 10 14:35:41 GMT 2025","TestGetCollectionID","test_curation_api","",""
"","19","test_update_cxg__with_spatial_deepzoom_assets","tests.unit.processing","Thu Apr 10 14:36:26 GMT 2025","passed","Thu Apr 10 14:36:26 GMT 2025","TestDatasetMetadataUpdaterWorker","test_dataset_metadata_update","",""
"","15","test__can_retrieve_created_collection","tests.unit.backend.layers.api","Thu Apr 10 14:35:45 GMT 2025","passed","Thu Apr 10 14:35:45 GMT 2025","TestCollection","test_portal_api","",""
"
        `get_collection_versions_from_canonical` can be used to retrieve all the versions
        for a canonical collection, whether those are published, active or neither
        ","28","test_get_collection_versions_for_canonical_ok","tests.unit.backend.layers.business","Thu Apr 10 14:35:48 GMT 2025","passed","Thu Apr 10 14:35:48 GMT 2025","TestCollectionOperations","test_business","",""
"","11","test__post_revision__Super_Curator","tests.unit.backend.layers.api","Thu Apr 10 14:35:44 GMT 2025","passed","Thu Apr 10 14:35:44 GMT 2025","TestPostRevision","test_curation_api","",""
"","1","test_type_inference[parameters78]","tests.unit.processing","Thu Apr 10 14:36:35 GMT 2025","passed","Thu Apr 10 14:36:35 GMT 2025","","test_type_conversion_utils","",""
"","12178","test__markers_returns_200_and_empty_dictionary_for_bad_celltypes","tests.unit.backend.wmg.api","Thu Apr 10 14:35:24 GMT 2025","passed","Thu Apr 10 14:35:36 GMT 2025","WmgApiV2Tests","test_v2","",""
"A manifest is provided without a fragment, and the anndata does not require one. This will pass
        validation.","1","test_optional_and_no_fragment","tests.unit.processing","Thu Apr 10 14:36:29 GMT 2025","passed","Thu Apr 10 14:36:29 GMT 2025","TestSkipATACValidation","test_process_validate_atac","",""
"","45","test_value_of_existing_secret_returns_value","tests.unit.backend.layers.utils","Thu Apr 10 14:35:55 GMT 2025","passed","Thu Apr 10 14:35:55 GMT 2025","TestAwsSecret","test_aws_secret","",""
"","0","test__link__INVALID[doi-google.com]","tests.unit.backend.layers.common","Thu Apr 10 14:35:48 GMT 2025","passed","Thu Apr 10 14:35:48 GMT 2025","","test_validation","",""
"
        When there is a revision of a published collection, GET /collections/:collection_id retrieves:
        1. the published version given the canonical collection_id
        2. the revision if given the version_id
        ","18","test__get_collection_id_retrieves_published_version_by_collection_id_if_revision","tests.unit.backend.layers.api","Thu Apr 10 14:35:45 GMT 2025","passed","Thu Apr 10 14:35:45 GMT 2025","TestCollection","test_portal_api","",""
"","7","test__update_collection__consortia__OK","tests.unit.backend.layers.api","Thu Apr 10 14:35:41 GMT 2025","passed","Thu Apr 10 14:35:41 GMT 2025","TestPatchCollectionID","test_curation_api","",""
"","0","test_get_wmg_snapshot_schema_dir_rel_path","tests.unit.backend.wmg.data","Thu Apr 10 14:35:40 GMT 2025","passed","Thu Apr 10 14:35:40 GMT 2025","","test_snapshot","",""
"
        In combination with test_api_fetch_calls, checks external API call in search requests (_search_gene_uid)
        ","2","test_api_search_calls","tests.unit.backend.layers.api","Thu Apr 10 14:35:44 GMT 2025","passed","Thu Apr 10 14:35:44 GMT 2025","GeneInfoAPIv1Tests","test_gene_info","",""
"","7","test_post_datasets_no_auth_401","tests.unit.backend.layers.api","Thu Apr 10 14:35:44 GMT 2025","passed","Thu Apr 10 14:35:44 GMT 2025","TestPostDataset","test_curation_api","",""
"","34","test__get_a_curators_collections","tests.unit.backend.layers.api","Thu Apr 10 14:35:41 GMT 2025","passed","Thu Apr 10 14:35:41 GMT 2025","TestGetCollections","test_curation_api","",""
"","6","test__reupload_dataset_not_owner__403","tests.unit.backend.layers.api","Thu Apr 10 14:35:46 GMT 2025","passed","Thu Apr 10 14:35:46 GMT 2025","TestCollectionPutUploadLink","test_portal_api","",""
"","145","test_delete_from_s3_handles_no_files","tests.unit.backend.layers.utils","Thu Apr 10 14:35:49 GMT 2025","passed","Thu Apr 10 14:35:49 GMT 2025","TestDeleteManyFromS3","test_aws","",""
"","0","test_type_inference[parameters89]","tests.unit.processing","Thu Apr 10 14:36:35 GMT 2025","passed","Thu Apr 10 14:36:35 GMT 2025","","test_type_conversion_utils","",""
"","211","test__primary_filter_dimensions__returns_valid_response_body","tests.unit.backend.wmg.api","Thu Apr 10 14:35:36 GMT 2025","passed","Thu Apr 10 14:35:37 GMT 2025","WmgApiV2Tests","test_v2","",""
"","1","test_type_inference[parameters41]","tests.unit.processing","Thu Apr 10 14:36:35 GMT 2025","passed","Thu Apr 10 14:36:35 GMT 2025","","test_type_conversion_utils","",""
"","0","test_type_inference[parameters60]","tests.unit.processing","Thu Apr 10 14:36:35 GMT 2025","passed","Thu Apr 10 14:36:35 GMT 2025","","test_type_conversion_utils","",""
"Checks that, if a gene fails on the first ID search, ncbi_provider will search again (with gene name)","3","test_api_double_calls","tests.unit.backend.layers.api","Thu Apr 10 14:35:44 GMT 2025","passed","Thu Apr 10 14:35:44 GMT 2025","GeneInfoAPIv1Tests","test_gene_info","",""
"","4","test_delete_collection__does_not_exist","tests.unit.backend.layers.api","Thu Apr 10 14:35:45 GMT 2025","passed","Thu Apr 10 14:35:45 GMT 2025","TestCollectionDeletion","test_portal_api","",""
"","60","test__convert_matrices_to_cxg_arrays__sparse_array_only_store_nonzeros","tests.unit.processing","Thu Apr 10 14:36:25 GMT 2025","passed","Thu Apr 10 14:36:25 GMT 2025","TestCxgGenerationUtils","test_cxg_generation_utils","",""
"","1","test_anndata_validation_success[{""anndata"": ""https://example.com/dataset.h5ad""}]","tests.unit.backend.common","Thu Apr 10 14:35:57 GMT 2025","passed","Thu Apr 10 14:35:57 GMT 2025","","test_manifest","",""
"","0","test_type_inference[parameters34]","tests.unit.processing","Thu Apr 10 14:36:35 GMT 2025","passed","Thu Apr 10 14:36:35 GMT 2025","","test_type_conversion_utils","",""
"","0","test__link__INVALID[doi-://]","tests.unit.backend.layers.common","Thu Apr 10 14:35:48 GMT 2025","passed","Thu Apr 10 14:35:48 GMT 2025","","test_validation","",""
"","3","test_has_valid_artifact_statuses_0","tests.unit.processing","Thu Apr 10 14:36:26 GMT 2025","passed","Thu Apr 10 14:36:26 GMT 2025","TestValidArtifactStatuses","test_dataset_metadata_update","",""
"","9","test_update_h5ad","tests.unit.processing","Thu Apr 10 14:36:26 GMT 2025","passed","Thu Apr 10 14:36:26 GMT 2025","TestDatasetMetadataUpdaterWorker","test_dataset_metadata_update","",""
"","0","test__link__OK[raw_data-https://www.google.com]","tests.unit.backend.layers.common","Thu Apr 10 14:35:48 GMT 2025","passed","Thu Apr 10 14:35:48 GMT 2025","","test_validation","",""
"","0","test_rollback__unsupported_rollback_type","tests.unit.processing","Thu Apr 10 14:36:34 GMT 2025","passed","Thu Apr 10 14:36:34 GMT 2025","","test_rollback","",""
"
        Publishing a version with a dataset added should succeed
        ","26","test_publish_version_with_added_dataset_ok","tests.unit.backend.layers.business","Thu Apr 10 14:35:48 GMT 2025","passed","Thu Apr 10 14:35:48 GMT 2025","TestCollectionOperations","test_business","",""
"","4","test_view_non_owned_private_collection__ok","tests.unit.backend.layers.api","Thu Apr 10 14:35:45 GMT 2025","passed","Thu Apr 10 14:35:45 GMT 2025","TestCollectionsCurators","test_portal_api","",""
"
    Test that the `rollup` function correctly accumulates (or rolls up) gene-expression
    values FOR EACH expressed gene and cell count values up the cell type ANCESTOR paths
    grouped by (tissue_ontology_term_id, cell_type_ontology_term_id, <compare_dimension>).

    The input:

    1. A cell type ontology subgraph consisting of 4 cell types.

    CL:0000127
    ├── CL:0000644
    ├── CL:0002605
    └── CL:0002627

    2. A gene expression dataframe consisting of expression numeric values for each
    (gene_ontology_term_id, tissue_ontology_term_id, cell_type_ontology_term_id, <compare_dimension>) tuple.
    3. The gene expression dataframe also holds total cell counts per tissue_ontology_term_id.
    This value is held in a column called `n_cells_tissue`.
    6. A cell counts dataframe that consists of cell counts for each
    (tissue_ontology_term_id, cell_type_ontology_term_id, <compare_dimension>) tuple.
    7. We set the `n_cells_tissue` column values to 1000 for all rows
    in the gene expression dataframe.
    8. We set all other numeric column values to `1` in the gene expression dataframe.

    The expected output:

    1. A rolled up gene expression dataframe.
    2. A rolled up cell counts dataframe.
    3. Assert that `n_cells_tissue` column value in the rolled up gene expression dataframe
    does not change for all rows because it should not be rolled up the cell type ontology
    ancestor paths.
    4. Assert that other numeric column values (i.e the columns that are not `n_cells_tissue`)
    in the rolled up gene expression dataframe hold the correct rolled up values.
    5. Assert that the cell counts in the rolled up cell counts dataframe hold the correct
    rolled up values.
    ","19","test__rollup[no_compare_dim_one_of_the_tissues_has_no_gene_expressions_at_all-input_cell_counts_df3-expected_cell_counts_df3-input_gene_expr_df3-expected_gene_expr_df3]","tests.unit.backend.wmg.api.common","Thu Apr 10 14:35:11 GMT 2025","passed","Thu Apr 10 14:35:11 GMT 2025","","test_rollup","",""
"","9","test__collection_level_processing_status__FAILURE","tests.unit.backend.layers.api","Thu Apr 10 14:35:41 GMT 2025","passed","Thu Apr 10 14:35:41 GMT 2025","TestGetCollections","test_curation_api","",""
"","0","test_type_inference[parameters33]","tests.unit.processing","Thu Apr 10 14:36:35 GMT 2025","passed","Thu Apr 10 14:36:35 GMT 2025","","test_type_conversion_utils","",""
"","19","test__get_title_and_citation_from_doi","tests.unit.backend.common","Thu Apr 10 14:35:57 GMT 2025","passed","Thu Apr 10 14:35:57 GMT 2025","TestCrossrefProvider","test_crossref_provider","",""
"","6","test__regenerate_key__201","tests.unit.backend.layers.auth","Thu Apr 10 14:35:46 GMT 2025","passed","Thu Apr 10 14:35:46 GMT 2025","TestKeys","test_auth_keys","",""
"","1","test__sizeof_formatted__converts_to_gb","tests.unit.backend.layers.utils","Thu Apr 10 14:35:55 GMT 2025","passed","Thu Apr 10 14:35:55 GMT 2025","TestMathUtils","test_math_utils","",""
"","15","test_deleted_collection_does_not_appear_in_collection_lists","tests.unit.backend.layers.api","Thu Apr 10 14:35:45 GMT 2025","passed","Thu Apr 10 14:35:45 GMT 2025","TestCollectionDeletion","test_portal_api","",""
"","0","test_type_inference[parameters30]","tests.unit.processing","Thu Apr 10 14:36:35 GMT 2025","passed","Thu Apr 10 14:36:35 GMT 2025","","test_type_conversion_utils","",""
"
        A super curator can upload a dataset to a non-owned collection
        ","4","test__can_upload_dataset_to_non_owned_collection_as_super_curator","tests.unit.backend.layers.api","Thu Apr 10 14:35:46 GMT 2025","passed","Thu Apr 10 14:35:46 GMT 2025","TestCollectionUploadLinkCurators","test_portal_api","",""
"","1","test__link__INVALID[data_source-://]","tests.unit.backend.layers.common","Thu Apr 10 14:35:48 GMT 2025","passed","Thu Apr 10 14:35:48 GMT 2025","","test_validation","",""
"","1","test__link__INVALID[raw_data-https://]","tests.unit.backend.layers.common","Thu Apr 10 14:35:48 GMT 2025","passed","Thu Apr 10 14:35:48 GMT 2025","","test_validation","",""
"
        ProcessDownloadValidate should:
        1. Download the h5ad artifact
        2. Set DatasetStatusKey.H5AD DatasetValidationStatus.VALIDATING
        3. Validate the h5ad
        4. Set DatasetStatusKey.H5AD DatasetValidationStatus.VALID
        5. Set the DatasetStatusKey.RDS DatasetConversionStatus.SKIPPED accordingly
        6. upload the original file to S3

        ","5","test_process_download_validate_success","tests.unit.processing","Thu Apr 10 14:36:29 GMT 2025","passed","Thu Apr 10 14:36:29 GMT 2025","TestProcessValidateH5AD","test_process_validate_h5ad","",""
"","0","test__link__OK[data_source-http://somewhere.org/path/?abcd=123]","tests.unit.backend.layers.common","Thu Apr 10 14:35:48 GMT 2025","passed","Thu Apr 10 14:35:48 GMT 2025","","test_validation","",""
"positive test case for check_datasets method.","0","test_check_datasets_no_errors","tests.unit.processing.schema_migration","Thu Apr 10 14:36:25 GMT 2025","passed","Thu Apr 10 14:36:25 GMT 2025","TestPublishRevisions","test_publish_revisions","",""
"
        Attempting to set the order of the datasets in a collection version with a list that contains an invalid
        dataset should fail.
        ","5","test_set_collection_version_datasets_order_invalid_dataset_fail","tests.unit.backend.layers.business","Thu Apr 10 14:35:47 GMT 2025","passed","Thu Apr 10 14:35:47 GMT 2025","TestSetCollectionVersionDatasetsOrder","test_business","",""
"
        Adding a dataset to a published collection should result in a failure
        ","9","test_add_dataset_to_published_collection_fail","tests.unit.backend.layers.business","Thu Apr 10 14:35:47 GMT 2025","passed","Thu Apr 10 14:35:47 GMT 2025","TestUpdateCollectionDatasets","test_business","",""
"","1","test_get_failure_slack_notification_message_with_dataset_not_found","tests.unit.processing","Thu Apr 10 14:36:29 GMT 2025","passed","Thu Apr 10 14:36:29 GMT 2025","","test_handle_error","",""
"","4","test_reprocess_cxg_success","tests.unit.processing","Thu Apr 10 14:36:34 GMT 2025","passed","Thu Apr 10 14:36:34 GMT 2025","ProcessingTest","test_processing","",""
"","1","test_type_inference[parameters28]","tests.unit.processing","Thu Apr 10 14:36:35 GMT 2025","passed","Thu Apr 10 14:36:35 GMT 2025","","test_type_conversion_utils","",""
"","1","test__link__OK[data_source-https://www.google.com]","tests.unit.backend.layers.common","Thu Apr 10 14:35:48 GMT 2025","passed","Thu Apr 10 14:35:48 GMT 2025","","test_validation","",""
"","41","test__delete_revision_collection_by_collection_version_id","tests.unit.backend.layers.api","Thu Apr 10 14:35:41 GMT 2025","passed","Thu Apr 10 14:35:41 GMT 2025","TestDeleteCollection","test_curation_api","",""
"","1","test__get_schema_type_hint_from_dtype","tests.unit.processing","Thu Apr 10 14:36:35 GMT 2025","passed","Thu Apr 10 14:36:35 GMT 2025","TestTypeConversionUtils","test_type_conversion_utils","",""
"","0","test_register_pos","tests.unit.backend.layers.utils","Thu Apr 10 14:35:56 GMT 2025","passed","Thu Apr 10 14:35:56 GMT 2025","TestRegisteredSources","test_uri","",""
"","7","test__post_revision__no_auth","tests.unit.backend.layers.api","Thu Apr 10 14:35:44 GMT 2025","passed","Thu Apr 10 14:35:44 GMT 2025","TestPostRevision","test_curation_api","",""
"","11","test__delete_private_collection_by_collection_version_id","tests.unit.backend.layers.api","Thu Apr 10 14:35:40 GMT 2025","passed","Thu Apr 10 14:35:41 GMT 2025","TestDeleteCollection","test_curation_api","",""
"","0","test_type_inference[parameters6]","tests.unit.processing","Thu Apr 10 14:36:35 GMT 2025","passed","Thu Apr 10 14:36:35 GMT 2025","","test_type_conversion_utils","",""
"","3","test__get_key__200","tests.unit.backend.layers.auth","Thu Apr 10 14:35:46 GMT 2025","passed","Thu Apr 10 14:35:46 GMT 2025","TestKeys","test_auth_keys","",""
"
        A dataset can be removed from a collection version using `delete_dataset`. This should delete the dataset.
        ","7","test_remove_dataset_from_unpublished_collection_ok","tests.unit.backend.layers.business","Thu Apr 10 14:35:47 GMT 2025","passed","Thu Apr 10 14:35:47 GMT 2025","TestUpdateCollectionDatasets","test_business","",""
"","4","test__post_collection_normalizes_doi","tests.unit.backend.layers.api","Thu Apr 10 14:35:45 GMT 2025","passed","Thu Apr 10 14:35:45 GMT 2025","TestCollection","test_portal_api","",""
"The 'revising_in' attribute is None for collections which lack a revision","9","test__get_collections_with_auth__OK_2","tests.unit.backend.layers.api","Thu Apr 10 14:35:41 GMT 2025","passed","Thu Apr 10 14:35:41 GMT 2025","TestGetCollections","test_curation_api","",""
"
    Test upload assets to S3
    ","1","test__upload_assets","tests.unit.processing","Thu Apr 10 14:36:35 GMT 2025","passed","Thu Apr 10 14:36:35 GMT 2025","","test_spatial_assets_utils","",""
"","20","test__get_unbpublished_revision__OK","tests.unit.backend.layers.api","Thu Apr 10 14:35:41 GMT 2025","passed","Thu Apr 10 14:35:41 GMT 2025","TestGetCollectionID","test_curation_api","",""
"","1","test_get_failure_slack_notification_message_with_missing_collection","tests.unit.processing","Thu Apr 10 14:36:29 GMT 2025","passed","Thu Apr 10 14:36:29 GMT 2025","","test_handle_error","",""
"
        Start a revision on a non-existing collection.
        ","3","test__revision_nonexistent__403","tests.unit.backend.layers.api","Thu Apr 10 14:35:46 GMT 2025","passed","Thu Apr 10 14:35:46 GMT 2025","TestRevision","test_portal_api","",""
"","2","test__query_missing_gene__request_returns_400","tests.unit.backend.wmg.api","Thu Apr 10 14:35:37 GMT 2025","passed","Thu Apr 10 14:35:37 GMT 2025","WmgApiV2Tests","test_v2","",""
"","393","test_anndata_colors_to_cxg_colors","tests.unit.processing","Thu Apr 10 14:36:25 GMT 2025","passed","Thu Apr 10 14:36:25 GMT 2025","TestColorConversionUtils","test_color_conversion_utils","",""
"","4","test__post_collection_fails_if_data_missing","tests.unit.backend.layers.api","Thu Apr 10 14:35:45 GMT 2025","passed","Thu Apr 10 14:35:45 GMT 2025","TestCollection","test_portal_api","",""
"Check that all artifacts are deleted for the given cases.","0","test_cleanup_artifacts__validate_anndata_OK","tests.unit.processing","Thu Apr 10 14:36:29 GMT 2025","passed","Thu Apr 10 14:36:29 GMT 2025","TestCleanupArtifacts","test_handle_error","",""
"","177","test__to_cxg__with_sparse_column_encoding","tests.unit.processing","Thu Apr 10 14:36:28 GMT 2025","passed","Thu Apr 10 14:36:29 GMT 2025","TestH5ADDataFile","test_h5ad_data_file","",""
"","2","test__list_collection_options__allow","tests.unit.backend.layers.api","Thu Apr 10 14:35:45 GMT 2025","passed","Thu Apr 10 14:35:45 GMT 2025","TestCollection","test_portal_api","",""
"","2","test_get_failure_slack_notification_message_with_dataset_version_id_none","tests.unit.processing","Thu Apr 10 14:36:29 GMT 2025","passed","Thu Apr 10 14:36:29 GMT 2025","","test_handle_error","",""
"
        Crossref should be called to check for updates to the publisher metadata when publishing
        a revision that has a DOI.
        ","18","test_publish_revision_crossref_checked_ok","tests.unit.backend.layers.business","Thu Apr 10 14:35:48 GMT 2025","passed","Thu Apr 10 14:35:48 GMT 2025","TestCollectionOperations","test_business","",""
"","300","test_term_vs_label_colors","tests.unit.processing","Thu Apr 10 14:36:25 GMT 2025","passed","Thu Apr 10 14:36:25 GMT 2025","TestColorConversionUtils","test_color_conversion_utils","",""
"","0","test__release_only_properly_formatted_semvar__returns_true","tests.unit.backend.layers.utils","Thu Apr 10 14:35:56 GMT 2025","passed","Thu Apr 10 14:35:56 GMT 2025","TestSemvarUtils","test_semvar_utils","",""
"","5","test__get_dataset_asset__OK","tests.unit.backend.layers.api","Thu Apr 10 14:35:45 GMT 2025","passed","Thu Apr 10 14:35:45 GMT 2025","TestDataset","test_portal_api","",""
"
        Publish a collection as a non-owner returns 403
        ","6","test__publish_revision_as_not_owner__403","tests.unit.backend.layers.api","Thu Apr 10 14:35:46 GMT 2025","passed","Thu Apr 10 14:35:46 GMT 2025","TestPublishRevision","test_portal_api","",""
"
        Adding a dataset with a wrong link should result in a failure
        ","7","test_add_dataset_with_invalid_link_fail","tests.unit.backend.layers.business","Thu Apr 10 14:35:47 GMT 2025","passed","Thu Apr 10 14:35:47 GMT 2025","TestUpdateCollectionDatasets","test_business","",""
"","4","test__post_token__401","tests.unit.backend.layers.api","Thu Apr 10 14:35:44 GMT 2025","passed","Thu Apr 10 14:35:44 GMT 2025","TestAuthToken","test_curation_api","",""
"
        Calling Put /datasets/:dataset_id with a bad published anndata link should fail with 400
        ","6","test_with_bad_already_ingested_anndata__400","tests.unit.backend.layers.api","Thu Apr 10 14:35:44 GMT 2025","passed","Thu Apr 10 14:35:44 GMT 2025","TestPutManifestATAC","test_curation_api","",""
"","2","test__filter_request_with_query_key_not_specified_in_api_spec_returns_400","tests.unit.backend.wmg.api","Thu Apr 10 14:35:12 GMT 2025","passed","Thu Apr 10 14:35:12 GMT 2025","WmgApiV2Tests","test_v2","",""
"","0","test__link__INVALID[raw_data-google.com]","tests.unit.backend.layers.common","Thu Apr 10 14:35:48 GMT 2025","passed","Thu Apr 10 14:35:48 GMT 2025","","test_validation","",""
"
        The dataset artifact metadata can be updated with sanitized values.
        ","9","test_update_dataset_artifact_metadata_sanitized_ok","tests.unit.backend.layers.business","Thu Apr 10 14:35:47 GMT 2025","passed","Thu Apr 10 14:35:47 GMT 2025","TestUpdateDataset","test_business","",""
"","3","test_has_valid_artifact_statuses__invalid_atac_status_1","tests.unit.processing","Thu Apr 10 14:36:26 GMT 2025","passed","Thu Apr 10 14:36:26 GMT 2025","TestValidArtifactStatuses","test_dataset_metadata_update","",""
"","2","test__get_dtypes_and_schemas_of_dataframe__dtype_and_schema_returns_as_expected","tests.unit.processing","Thu Apr 10 14:36:35 GMT 2025","passed","Thu Apr 10 14:36:35 GMT 2025","TestTypeConversionUtils","test_type_conversion_utils","",""
"","0","test_type_inference[parameters105]","tests.unit.processing","Thu Apr 10 14:36:35 GMT 2025","passed","Thu Apr 10 14:36:35 GMT 2025","","test_type_conversion_utils","",""
"","4","test_process_cxg_success","tests.unit.processing","Thu Apr 10 14:36:34 GMT 2025","passed","Thu Apr 10 14:36:34 GMT 2025","ProcessingTest","test_processing","",""
"","0","test_datetime","tests.unit.backend.layers.utils","Thu Apr 10 14:35:55 GMT 2025","passed","Thu Apr 10 14:35:55 GMT 2025","TestCuratorJSONEncoder","test_json","",""
"","9","test_patch_private_collection_dataset_owner_202","tests.unit.backend.layers.api","Thu Apr 10 14:35:42 GMT 2025","passed","Thu Apr 10 14:35:42 GMT 2025","TestPatchDataset","test_curation_api","",""
"","2","test_get_failure_slack_notification_message_with_dataset_and_collection","tests.unit.processing","Thu Apr 10 14:36:29 GMT 2025","passed","Thu Apr 10 14:36:29 GMT 2025","","test_handle_error","",""
"","1","test_type_inference[parameters92]","tests.unit.processing","Thu Apr 10 14:36:35 GMT 2025","passed","Thu Apr 10 14:36:35 GMT 2025","","test_type_conversion_utils","",""
"","1","test_type_inference[parameters79]","tests.unit.processing","Thu Apr 10 14:36:35 GMT 2025","passed","Thu Apr 10 14:36:35 GMT 2025","","test_type_conversion_utils","",""
"","9","test_update_metadata__missing_labeled_h5ad","tests.unit.processing","Thu Apr 10 14:36:26 GMT 2025","passed","Thu Apr 10 14:36:26 GMT 2025","TestUpdateMetadataHandler","test_dataset_metadata_update","",""
"","1598","test_cell_type_orderings","tests.unit.wmg_processing","Thu Apr 10 14:35:46 GMT 2025","passed","Thu Apr 10 14:35:47 GMT 2025","CellTypeOrderingTests","test_cell_type_ordering","",""
"","207","test_delete_from_s3_raises_error_for_missing_dataset_id","tests.unit.backend.layers.utils","Thu Apr 10 14:35:49 GMT 2025","passed","Thu Apr 10 14:35:49 GMT 2025","TestDeleteManyFromS3","test_aws","",""
"
        The order of the datasets in a collection version is set using `set_collection_version_datasets_order`.
        ","12","test_set_collection_version_datasets_order_ok","tests.unit.backend.layers.business","Thu Apr 10 14:35:47 GMT 2025","passed","Thu Apr 10 14:35:47 GMT 2025","TestSetCollectionVersionDatasetsOrder","test_business","",""
"","8","test__get_collection_versions_tombstoned__410","tests.unit.backend.layers.api","Thu Apr 10 14:35:41 GMT 2025","passed","Thu Apr 10 14:35:41 GMT 2025","TestGetCollectionVersions","test_curation_api","",""
"","3","test__dataset_meta__404","tests.unit.backend.layers.api","Thu Apr 10 14:35:45 GMT 2025","passed","Thu Apr 10 14:35:45 GMT 2025","TestDataset","test_portal_api","",""
"","4","test_delete_dataset_versions","tests.unit.backend.layers.business","Thu Apr 10 14:35:47 GMT 2025","passed","Thu Apr 10 14:35:47 GMT 2025","TestDeleteDataset","test_business","",""
"
        Call process download using a dropbox uri
        ","3","test_download_from_dropbox_uri","tests.unit.processing","Thu Apr 10 14:36:29 GMT 2025","passed","Thu Apr 10 14:36:29 GMT 2025","TestProcessDownload","test_process_validate_h5ad","",""
"A cellxgene public dataset url must already be uploaded","9","test_reingest_published_anndata_dataset__not_in_found","tests.unit.backend.layers.business","Thu Apr 10 14:35:47 GMT 2025","passed","Thu Apr 10 14:35:47 GMT 2025","TestUpdateCollectionDatasets","test_business","",""
"","0","test_invalid_characters_in_field[\x00some data]","tests.unit.backend.layers.common","Thu Apr 10 14:35:48 GMT 2025","passed","Thu Apr 10 14:35:48 GMT 2025","","test_validation","",""
"Updating a dataset to remove the optional fragment.","2","test_existing_dataset_with_fragment_removed","tests.unit.processing","Thu Apr 10 14:36:29 GMT 2025","passed","Thu Apr 10 14:36:29 GMT 2025","TestProcessValidateAtac","test_process_validate_atac","",""
"
        A published collection can be obtained using `get_collection`
        ","9","test_get_published_collection_version_for_published_collection_ok","tests.unit.backend.layers.business","Thu Apr 10 14:35:46 GMT 2025","passed","Thu Apr 10 14:35:46 GMT 2025","TestGetCollectionVersion","test_business","",""
"","26","test_get_dataset_version_ok","tests.unit.backend.layers.api","Thu Apr 10 14:35:42 GMT 2025","passed","Thu Apr 10 14:35:42 GMT 2025","TestGetDatasetVersion","test_curation_api","",""
"","0","test__link__INVALID[data_source-https://]","tests.unit.backend.layers.common","Thu Apr 10 14:35:48 GMT 2025","passed","Thu Apr 10 14:35:48 GMT 2025","","test_validation","",""
"","1","test_get_spatial_metadata__is_single_and_fullres_true","tests.unit.processing","Thu Apr 10 14:36:27 GMT 2025","passed","Thu Apr 10 14:36:27 GMT 2025","TestAddLabels","test_extract_metadata","",""
"","3","test_rollback_private_dataset[True]","tests.unit.processing","Thu Apr 10 14:36:34 GMT 2025","passed","Thu Apr 10 14:36:34 GMT 2025","","test_rollback","",""
"","0","test__link__INVALID[other-://]","tests.unit.backend.layers.common","Thu Apr 10 14:35:48 GMT 2025","passed","Thu Apr 10 14:35:48 GMT 2025","","test_validation","",""
"","8","test__update_private_collection_dataset_invalid_processing_status__405","tests.unit.backend.layers.api","Thu Apr 10 14:35:46 GMT 2025","passed","Thu Apr 10 14:35:46 GMT 2025","TestDataset","test_portal_api","",""
"","4","test__set_collection_version_datasets_order_missing_datasets__400","tests.unit.backend.layers.api","Thu Apr 10 14:35:45 GMT 2025","passed","Thu Apr 10 14:35:45 GMT 2025","TestUpdateCollection","test_portal_api","",""
"","1","test__is_matrix_sparse__zero_and_one_hundred_percent_threshold","tests.unit.processing","Thu Apr 10 14:36:29 GMT 2025","passed","Thu Apr 10 14:36:29 GMT 2025","TestMatrixUtils","test_matrix_utils","",""
"
        Publish a revision with delete datasets.
        ","18","test__publish_revision_with_removed_datasets__OK","tests.unit.backend.layers.api","Thu Apr 10 14:35:46 GMT 2025","passed","Thu Apr 10 14:35:46 GMT 2025","TestPublishRevision","test_portal_api","",""
"","397","test__query_non_indexed_dim_single_valued__returns_correct_result","tests.unit.backend.wmg.api.common","Thu Apr 10 14:35:11 GMT 2025","passed","Thu Apr 10 14:35:11 GMT 2025","ExpressionDotPlotTest","test_expression_dotplot","",""
"","6","test_with_errors","tests.unit.processing.schema_migration","Thu Apr 10 14:36:24 GMT 2025","passed","Thu Apr 10 14:36:24 GMT 2025","TestLogErrorsAndCleanup","test_log_errors_and_cleanup","",""
"The anndata file is not ATAC, and no fragment file in the manifest, so validation should be skipped.","1","test_not_atac_and_no_fragment","tests.unit.processing","Thu Apr 10 14:36:29 GMT 2025","passed","Thu Apr 10 14:36:29 GMT 2025","TestSkipATACValidation","test_process_validate_atac","",""
"
        If published filter flag is True, only published, non-tombstoned collections should be returned
        ","51","test_get_all_collections_published_ok","tests.unit.backend.layers.business","Thu Apr 10 14:35:46 GMT 2025","passed","Thu Apr 10 14:35:46 GMT 2025","TestGetAllCollections","test_business","",""
"","1303","test_extract_metadata","tests.unit.processing","Thu Apr 10 14:36:26 GMT 2025","passed","Thu Apr 10 14:36:27 GMT 2025","TestAddLabels","test_extract_metadata","",""
"
        Reupload a published dataset during a revision
        ","11","test__reupload_published_dataset_during_revision__202","tests.unit.backend.layers.api","Thu Apr 10 14:35:46 GMT 2025","passed","Thu Apr 10 14:35:46 GMT 2025","TestCollectionPutUploadLink","test_portal_api","",""
"
        A dataset artifact can be updated using `update_dataset_artifact`
        ","8","test_update_dataset_artifact_ok","tests.unit.backend.layers.business","Thu Apr 10 14:35:47 GMT 2025","passed","Thu Apr 10 14:35:47 GMT 2025","TestUpdateDataset","test_business","",""
"","0","test_sanitize_api_query_dict[input_query1-expected_sanitized_query1]","tests.unit.backend.wmg.api.common","Thu Apr 10 14:35:12 GMT 2025","passed","Thu Apr 10 14:35:12 GMT 2025","","test_wmg_api_helpers","",""
"","10","test__verify_expected_public_collection_fields","tests.unit.backend.layers.api","Thu Apr 10 14:35:41 GMT 2025","passed","Thu Apr 10 14:35:41 GMT 2025","TestGetCollections","test_curation_api","",""
"","1","test_type_inference[parameters16]","tests.unit.processing","Thu Apr 10 14:36:35 GMT 2025","passed","Thu Apr 10 14:36:35 GMT 2025","","test_type_conversion_utils","",""
"","14","test__delete_private_collection","tests.unit.backend.layers.api","Thu Apr 10 14:35:40 GMT 2025","passed","Thu Apr 10 14:35:40 GMT 2025","TestDeleteCollection","test_curation_api","",""
"
        An unpublished collection version can be obtained using `get_collection_version`
        ","6","test_get_collection_version_for_unpublished_collection_ok","tests.unit.backend.layers.business","Thu Apr 10 14:35:46 GMT 2025","passed","Thu Apr 10 14:35:46 GMT 2025","TestGetCollectionVersion","test_business","",""
"
        Calling PUT /datasets/:dataset_id should fail with 403 Unauthorized
        if the authenticated user is not the owner of a collection
        ","9","test__from_link__Not_Owner","tests.unit.backend.layers.api","Thu Apr 10 14:35:44 GMT 2025","passed","Thu Apr 10 14:35:44 GMT 2025","TestPutLink","test_curation_api","",""
"
        The dataset artifact metadata can be updated using `update_dataset_artifact_metadata`
        ","9","test_update_dataset_artifact_metadata_ok","tests.unit.backend.layers.business","Thu Apr 10 14:35:47 GMT 2025","passed","Thu Apr 10 14:35:47 GMT 2025","TestUpdateDataset","test_business","",""
"Correctly identifies a valid search result from NCBI","0","test_unexpected_ncbi_responses","tests.unit.backend.layers.api","Thu Apr 10 14:35:45 GMT 2025","passed","Thu Apr 10 14:35:45 GMT 2025","GeneInfoAPIv1Tests","test_gene_info","",""
"","5","test__link__202","tests.unit.backend.layers.api","Thu Apr 10 14:35:46 GMT 2025","passed","Thu Apr 10 14:35:46 GMT 2025","TestCollectionPostUploadLink","test_portal_api","",""
"","42","test_when_item_is_in_config_and_is_in_env_and_use_env_is_set_we_use_env","tests.unit.backend.layers.utils","Thu Apr 10 14:35:55 GMT 2025","passed","Thu Apr 10 14:35:56 GMT 2025","TestSecretConfig","test_secret_config","",""
"","9","test__convert_dictionary_to_cxg_group__writes_successfully","tests.unit.processing","Thu Apr 10 14:36:25 GMT 2025","passed","Thu Apr 10 14:36:25 GMT 2025","TestCxgGenerationUtils","test_cxg_generation_utils","",""
"","6","test__update_collection_strip_string_fields__OK","tests.unit.backend.layers.api","Thu Apr 10 14:35:45 GMT 2025","passed","Thu Apr 10 14:35:45 GMT 2025","TestUpdateCollection","test_portal_api","",""
"","2","test_with_revision","tests.unit.processing.schema_migration","Thu Apr 10 14:36:24 GMT 2025","passed","Thu Apr 10 14:36:24 GMT 2025","TestGatherCollections","test_gather_collections","",""
"","0","test__link__INVALID[other-.com]","tests.unit.backend.layers.common","Thu Apr 10 14:35:48 GMT 2025","passed","Thu Apr 10 14:35:48 GMT 2025","","test_validation","",""
"
        A tombstoned Collection's versions can only be obtained if the `get_tombstoned` flag is explicitly set to True
        ","22","test_get_collection_version_for_tombstoned_collection","tests.unit.backend.layers.business","Thu Apr 10 14:35:46 GMT 2025","passed","Thu Apr 10 14:35:46 GMT 2025","TestGetCollectionVersion","test_business","",""
"","9","test__update_public_collection_owner__405","tests.unit.backend.layers.api","Thu Apr 10 14:35:42 GMT 2025","passed","Thu Apr 10 14:35:42 GMT 2025","TestPatchCollectionID","test_curation_api","",""
"","3","test__published_doi_used_if_exists_for_preprint","tests.unit.backend.common","Thu Apr 10 14:35:57 GMT 2025","passed","Thu Apr 10 14:35:57 GMT 2025","TestCrossrefProvider","test_crossref_provider","",""
"","1","test_type_inference[parameters97]","tests.unit.processing","Thu Apr 10 14:36:35 GMT 2025","passed","Thu Apr 10 14:36:35 GMT 2025","","test_type_conversion_utils","",""
"
        Test the pipeline successfully copies from mock s3, loads corpus and correctly builds cube/cell_ordering files
        and correctly uploads files to mock s3
        ","0","test_pipeline_creates_files","tests.unit.wmg_processing","Thu Apr 10 14:35:49 GMT 2025","skipped","Thu Apr 10 14:35:49 GMT 2025","TestCubePipe","test_cube_pipeline","",""
"
        Calling PUT /datasets/:dataset_id should fail with 403 Unauthorized
        if the authenticated user is not the owner of a collection
        ","9","test__from_link__Not_Owner","tests.unit.backend.layers.api","Thu Apr 10 14:35:44 GMT 2025","passed","Thu Apr 10 14:35:44 GMT 2025","TestPutManifest","test_curation_api","",""
"","6","test_delete_collection_version__already_deleted__403","tests.unit.backend.layers.api","Thu Apr 10 14:35:45 GMT 2025","passed","Thu Apr 10 14:35:45 GMT 2025","TestCollectionDeletion","test_portal_api","",""
"","1","test_delete_artifacts_delete_h5ad","tests.unit.backend.layers.business","Thu Apr 10 14:35:47 GMT 2025","passed","Thu Apr 10 14:35:47 GMT 2025","TestDeleteDataset","test_business","",""
"","180","test_delete_from_s3_deletes_all_files","tests.unit.backend.layers.utils","Thu Apr 10 14:35:48 GMT 2025","passed","Thu Apr 10 14:35:49 GMT 2025","TestDeleteManyFromS3","test_aws","",""
"","1","test_type_inference[parameters54]","tests.unit.processing","Thu Apr 10 14:36:35 GMT 2025","passed","Thu Apr 10 14:36:35 GMT 2025","","test_type_conversion_utils","",""
"","115","test_patch_private_collection_dataset_invalid_status_405","tests.unit.backend.layers.api","Thu Apr 10 14:35:42 GMT 2025","passed","Thu Apr 10 14:35:42 GMT 2025","TestPatchDataset","test_curation_api","",""
"","0","test__validate_with_valid_url__ok","tests.unit.backend.layers.utils","Thu Apr 10 14:35:57 GMT 2025","passed","Thu Apr 10 14:35:57 GMT 2025","TestCXGPubURL","test_uri","",""
"","8","test__valid_explorer_cxgs","tests.unit.backend.cellguide.pipeline","Thu Apr 10 14:40:55 GMT 2025","passed","Thu Apr 10 14:40:55 GMT 2025","TestValidExplorerCxgs","test_valid_explorer_cxgs","",""
"
        A collection with links can be created using `create_collection`
        ","1","test_create_collection_with_links_ok","tests.unit.backend.layers.business","Thu Apr 10 14:35:46 GMT 2025","passed","Thu Apr 10 14:35:46 GMT 2025","TestCreateCollection","test_business","",""
"
    Test that the `rollup` function correctly accumulates (or rolls up) gene-expression
    values FOR EACH expressed gene and cell count values up the cell type ANCESTOR paths
    grouped by (tissue_ontology_term_id, cell_type_ontology_term_id, <compare_dimension>).

    The input:

    1. A cell type ontology subgraph consisting of 4 cell types.

    CL:0000127
    ├── CL:0000644
    ├── CL:0002605
    └── CL:0002627

    2. A gene expression dataframe consisting of expression numeric values for each
    (gene_ontology_term_id, tissue_ontology_term_id, cell_type_ontology_term_id, <compare_dimension>) tuple.
    3. The gene expression dataframe also holds total cell counts per tissue_ontology_term_id.
    This value is held in a column called `n_cells_tissue`.
    6. A cell counts dataframe that consists of cell counts for each
    (tissue_ontology_term_id, cell_type_ontology_term_id, <compare_dimension>) tuple.
    7. We set the `n_cells_tissue` column values to 1000 for all rows
    in the gene expression dataframe.
    8. We set all other numeric column values to `1` in the gene expression dataframe.

    The expected output:

    1. A rolled up gene expression dataframe.
    2. A rolled up cell counts dataframe.
    3. Assert that `n_cells_tissue` column value in the rolled up gene expression dataframe
    does not change for all rows because it should not be rolled up the cell type ontology
    ancestor paths.
    4. Assert that other numeric column values (i.e the columns that are not `n_cells_tissue`)
    in the rolled up gene expression dataframe hold the correct rolled up values.
    5. Assert that the cell counts in the rolled up cell counts dataframe hold the correct
    rolled up values.
    ","19","test__rollup[no_compare_dim_all_tissues_have_all_cell_types_except_root_cell_type-input_cell_counts_df5-expected_cell_counts_df5-input_gene_expr_df5-expected_gene_expr_df5]","tests.unit.backend.wmg.api.common","Thu Apr 10 14:35:12 GMT 2025","passed","Thu Apr 10 14:35:12 GMT 2025","","test_rollup","",""
"","1","test_type_inference[parameters18]","tests.unit.processing","Thu Apr 10 14:36:35 GMT 2025","passed","Thu Apr 10 14:36:35 GMT 2025","","test_type_conversion_utils","",""
"
        `get_collections` with is_published=True should not return versions that were previously
        published but have a new version
        ","17","test_get_all_collections_published_does_not_retrieve_old_versions","tests.unit.backend.layers.business","Thu Apr 10 14:35:48 GMT 2025","passed","Thu Apr 10 14:35:48 GMT 2025","TestCollectionOperations","test_business","",""
"","10","test__delete_public_dataset_returns__405","tests.unit.backend.layers.api","Thu Apr 10 14:35:45 GMT 2025","passed","Thu Apr 10 14:35:45 GMT 2025","TestDataset","test_portal_api","",""
"","3","test__generate_s3_credentials__Not_Owner","tests.unit.backend.layers.api","Thu Apr 10 14:35:41 GMT 2025","passed","Thu Apr 10 14:35:41 GMT 2025","TestS3Credentials","test_curation_api","",""
"","154","test__to_cxg__simple_anndata_with_corpora_and_sparse","tests.unit.processing","Thu Apr 10 14:36:28 GMT 2025","passed","Thu Apr 10 14:36:28 GMT 2025","TestH5ADDataFile","test_h5ad_data_file","",""
"","13","test__clean_up","tests.unit.processing","Thu Apr 10 14:36:34 GMT 2025","passed","Thu Apr 10 14:36:34 GMT 2025","","test_rollback","",""
"","156","test__to_cxg__simple_anndata_no_corpora_and_dense","tests.unit.processing","Thu Apr 10 14:36:28 GMT 2025","passed","Thu Apr 10 14:36:28 GMT 2025","TestH5ADDataFile","test_h5ad_data_file","",""
"","50","test_get_dataset_shape","tests.unit.backend.layers.api","Thu Apr 10 14:35:42 GMT 2025","passed","Thu Apr 10 14:35:42 GMT 2025","TestGetDatasets","test_curation_api","",""
"","0","test__link__OK[raw_data-http://somewhere.org/path/?abcd=123]","tests.unit.backend.layers.common","Thu Apr 10 14:35:48 GMT 2025","passed","Thu Apr 10 14:35:48 GMT 2025","","test_validation","",""
"","1","test_type_inference[parameters46]","tests.unit.processing","Thu Apr 10 14:36:35 GMT 2025","passed","Thu Apr 10 14:36:35 GMT 2025","","test_type_conversion_utils","",""
"","4","test_patch_private_collection_dataset_invalid_collection_404","tests.unit.backend.layers.api","Thu Apr 10 14:35:42 GMT 2025","passed","Thu Apr 10 14:35:42 GMT 2025","TestPatchDataset","test_curation_api","",""
"","4","test__add_new_collection_consortia","tests.unit.backend.layers.api","Thu Apr 10 14:35:45 GMT 2025","passed","Thu Apr 10 14:35:45 GMT 2025","TestUpdateCollection","test_portal_api","",""
"","4","test__post_revision__Not_Public","tests.unit.backend.layers.api","Thu Apr 10 14:35:44 GMT 2025","passed","Thu Apr 10 14:35:44 GMT 2025","TestPostRevision","test_curation_api","",""
"","2060","test_value_of_existing_deleted_secret_raises_exception","tests.unit.backend.layers.utils","Thu Apr 10 14:35:53 GMT 2025","passed","Thu Apr 10 14:35:55 GMT 2025","TestAwsSecret","test_aws_secret","",""
"Updating a dataset to add the optional fragment.","3","test_existing_dataset_with_fragment_added","tests.unit.processing","Thu Apr 10 14:36:29 GMT 2025","passed","Thu Apr 10 14:36:29 GMT 2025","TestProcessValidateAtac","test_process_validate_atac","",""
"
        When publishing a collection version, the published_at for the canonical collection
        should not change
        ","16","test_publish_version_does_not_change_original_published_at_ok","tests.unit.backend.layers.business","Thu Apr 10 14:35:48 GMT 2025","passed","Thu Apr 10 14:35:48 GMT 2025","TestCollectionOperations","test_business","",""
"
        Unpublished Collection versions can be retrieved from a canonical Collection
        ","24","test_get_unpublished_collection_versions_from_canonical","tests.unit.backend.layers.business","Thu Apr 10 14:35:46 GMT 2025","passed","Thu Apr 10 14:35:46 GMT 2025","TestGetCollectionVersion","test_business","",""
"","0","test__link__INVALID[protocol-google.com]","tests.unit.backend.layers.common","Thu Apr 10 14:35:48 GMT 2025","passed","Thu Apr 10 14:35:48 GMT 2025","","test_validation","",""
"
        Test restoring a previous version of a collection fails when there are no previous versions
        ","12","test__restore_previous_collection_version__no_previous_versions","tests.unit.backend.layers.business","Thu Apr 10 14:35:48 GMT 2025","passed","Thu Apr 10 14:35:48 GMT 2025","TestCollectionUtilities","test_business","",""
"
    Test the cropping method to ensure the image is cropped to a square
    ","0","test__crop_to_aspect_ratio[55-30]","tests.unit.processing","Thu Apr 10 14:36:35 GMT 2025","passed","Thu Apr 10 14:36:35 GMT 2025","","test_spatial_assets_utils","",""
"","332","test__single_dimension__returns_all_dimension_and_terms","tests.unit.backend.wmg","Thu Apr 10 14:36:29 GMT 2025","passed","Thu Apr 10 14:36:29 GMT 2025","QueryPrimaryFilterDimensionsTest","test_query","",""
"
        An unauthorized user should not be able to delete a collection revision
        ","25","test__delete_revision_unauth__403","tests.unit.backend.layers.api","Thu Apr 10 14:35:46 GMT 2025","passed","Thu Apr 10 14:35:46 GMT 2025","TestDeleteRevision","test_portal_api","",""
"Check datasets when one of the dataset has not been migrated to the latest schema version.","0","test_check_datasets_not_latest_version","tests.unit.processing.schema_migration","Thu Apr 10 14:36:25 GMT 2025","passed","Thu Apr 10 14:36:25 GMT 2025","TestPublishRevisions","test_publish_revisions","",""
"","0","test__link__INVALID[lab_website-google.com]","tests.unit.backend.layers.common","Thu Apr 10 14:35:48 GMT 2025","passed","Thu Apr 10 14:35:48 GMT 2025","","test_validation","",""
"
        Replacing a dataset that belongs to a published collection should fail
        ","9","test_replace_dataset_in_published_collection_fail","tests.unit.backend.layers.business","Thu Apr 10 14:35:47 GMT 2025","passed","Thu Apr 10 14:35:47 GMT 2025","TestUpdateCollectionDatasets","test_business","",""
"
        Publish a collection as a non authenticated user returns 403
        ","5","test__publish_revision_as_non_autorized__401","tests.unit.backend.layers.api","Thu Apr 10 14:35:46 GMT 2025","passed","Thu Apr 10 14:35:46 GMT 2025","TestPublishRevision","test_portal_api","",""
"","10","test__dataset_meta__ok","tests.unit.backend.layers.api","Thu Apr 10 14:35:45 GMT 2025","passed","Thu Apr 10 14:35:45 GMT 2025","TestDataset","test_portal_api","",""
"
        If published filter flag is False, only unpublished collections should be returned
        ","49","test_get_all_collections_unpublished_ok","tests.unit.backend.layers.business","Thu Apr 10 14:35:46 GMT 2025","passed","Thu Apr 10 14:35:47 GMT 2025","TestGetAllCollections","test_business","",""
"","1","test_type_inference[parameters4]","tests.unit.processing","Thu Apr 10 14:36:35 GMT 2025","passed","Thu Apr 10 14:36:35 GMT 2025","","test_type_conversion_utils","",""
"","17","test__update_revision_dataset__ok","tests.unit.backend.layers.api","Thu Apr 10 14:35:46 GMT 2025","passed","Thu Apr 10 14:35:46 GMT 2025","TestDataset","test_portal_api","",""
"","391","test__query_agg_cell_type_counts__returns_correct_result","tests.unit.backend.wmg.api.common","Thu Apr 10 14:35:08 GMT 2025","passed","Thu Apr 10 14:35:09 GMT 2025","ExpressionDotPlotTest","test_expression_dotplot","",""
"","2","test_create_migration_revision__published_no_revision","tests.unit.processing.schema_migration","Thu Apr 10 14:36:24 GMT 2025","passed","Thu Apr 10 14:36:24 GMT 2025","TestCollectionMigrate","test_collection_migrate","",""
"","21","test__update_collection__links__OK","tests.unit.backend.layers.api","Thu Apr 10 14:35:42 GMT 2025","passed","Thu Apr 10 14:35:42 GMT 2025","TestPatchCollectionID","test_curation_api","",""
"
        Given a dataset version id, return the DatasetVersion IF its been part of a published CollectionVersion
        ","50","test_get_prior_published_dataset_version","tests.unit.backend.layers.business","Thu Apr 10 14:35:47 GMT 2025","passed","Thu Apr 10 14:35:47 GMT 2025","TestGetDataset","test_business","",""
"
        Calling PUT /datasets/:dataset_id should fail with 403 Unauthorized
        if trying to upload to a published collection
        ","13","test__from_link__Not_Public","tests.unit.backend.layers.api","Thu Apr 10 14:35:44 GMT 2025","passed","Thu Apr 10 14:35:44 GMT 2025","TestPutManifest","test_curation_api","",""
"","4","test_delete_collection__not_owner","tests.unit.backend.layers.api","Thu Apr 10 14:35:45 GMT 2025","passed","Thu Apr 10 14:35:45 GMT 2025","TestCollectionDeletion","test_portal_api","",""
"","0","test_OK","tests.unit.backend.layers.common","Thu Apr 10 14:35:48 GMT 2025","passed","Thu Apr 10 14:35:48 GMT 2025","","test_validation","",""
"","0","test_type_inference[parameters51]","tests.unit.processing","Thu Apr 10 14:36:35 GMT 2025","passed","Thu Apr 10 14:36:35 GMT 2025","","test_type_conversion_utils","",""
"","0","test_invalid_email[email@.com]","tests.unit.backend.layers.common","Thu Apr 10 14:35:48 GMT 2025","passed","Thu Apr 10 14:35:48 GMT 2025","","test_validation","",""
"validation will succeed, status will be updated, and fragment artifacts will be uploaded

        This covers cases where the collection is unpublished, and the datset is new.
        It also covers cases where the fragment is optional and present or required and present.
        ","1","test_new_fragment[https://www.dropbox.com/s/fake_location/test.h5ad?dl=0]","tests.unit.processing","Thu Apr 10 14:36:29 GMT 2025","passed","Thu Apr 10 14:36:29 GMT 2025","TestProcessValidateAtac","test_process_validate_atac","",""
"","9","test_revision_with_no_previous_version","tests.unit.backend.layers.business","Thu Apr 10 14:35:48 GMT 2025","passed","Thu Apr 10 14:35:48 GMT 2025","TestSetPreviousDatasetVersion","test_business","",""
"","9","test_rollback_private_dataset_list","tests.unit.processing","Thu Apr 10 14:36:34 GMT 2025","passed","Thu Apr 10 14:36:34 GMT 2025","","test_rollback","",""
"","1","test__format_citation","tests.unit.backend.common","Thu Apr 10 14:35:57 GMT 2025","passed","Thu Apr 10 14:35:57 GMT 2025","TestCitation","test_citation","",""
"","16","test_populate_dataset_citation__with_publication_doi","tests.unit.processing","Thu Apr 10 14:36:29 GMT 2025","passed","Thu Apr 10 14:36:29 GMT 2025","ProcessingTest","test_process_add_labels","",""
"","0","test_parse_event_with_invalid_error_cause","tests.unit.processing","Thu Apr 10 14:36:29 GMT 2025","passed","Thu Apr 10 14:36:29 GMT 2025","","test_handle_error","",""
"","12","test__cancel_dataset_download__ok","tests.unit.backend.layers.api","Thu Apr 10 14:35:45 GMT 2025","passed","Thu Apr 10 14:35:45 GMT 2025","TestDataset","test_portal_api","",""
"","8","test__set_collection_version_datasets_order_invalid_collection__403","tests.unit.backend.layers.api","Thu Apr 10 14:35:45 GMT 2025","passed","Thu Apr 10 14:35:45 GMT 2025","TestUpdateCollection","test_portal_api","",""
"","6","test__get_status__200_for_non_owned_dataset_as_super_curator","tests.unit.backend.layers.api","Thu Apr 10 14:35:46 GMT 2025","passed","Thu Apr 10 14:35:46 GMT 2025","TestDatasetCurators","test_portal_api","",""
"","8","test_get_ingest_manifest","tests.unit.backend.layers.business","Thu Apr 10 14:35:47 GMT 2025","passed","Thu Apr 10 14:35:47 GMT 2025","TestGetDataset","test_business","",""
"
        When publishing a private collection - and there is no change in DOI - publisher metadata should not
        be updated if the deposited date is before the created at date of the corresponding collection.
        ","8","test_publish_private_collection_same_doi_publisher_metadata_not_updated_ok","tests.unit.backend.layers.business","Thu Apr 10 14:35:48 GMT 2025","passed","Thu Apr 10 14:35:48 GMT 2025","TestCollectionOperations","test_business","",""
"Test that the create_atac_artifact method raises an exception when the artifact cannot be created.","1","test_exception","tests.unit.processing","Thu Apr 10 14:36:29 GMT 2025","passed","Thu Apr 10 14:36:29 GMT 2025","TestCreateAtacArtifact","test_process_validate_atac","",""
"","17","test__update_collection_links__OK","tests.unit.backend.layers.api","Thu Apr 10 14:35:45 GMT 2025","passed","Thu Apr 10 14:35:45 GMT 2025","TestUpdateCollection","test_portal_api","",""
"","149","test_extract_metadata_find_raw_layer","tests.unit.processing","Thu Apr 10 14:36:27 GMT 2025","passed","Thu Apr 10 14:36:27 GMT 2025","TestAddLabels","test_extract_metadata","",""
"
    Test that _fetch_image raises KeyError when neither fullres nor hires images are present.
    ","0","test__fetch_image_key_error","tests.unit.processing","Thu Apr 10 14:36:35 GMT 2025","passed","Thu Apr 10 14:36:35 GMT 2025","","test_spatial_assets_utils","",""
"","11","test__convert_ndarray_to_cxg_dense_array__writes_successfully","tests.unit.processing","Thu Apr 10 14:36:25 GMT 2025","passed","Thu Apr 10 14:36:25 GMT 2025","TestCxgGenerationUtils","test_cxg_generation_utils","",""
"","7","test__tombstone_collection","tests.unit.scripts","Thu Apr 10 14:35:43 GMT 2025","passed","Thu Apr 10 14:35:43 GMT 2025","TestTombstone","test_tombstone","",""
"","5","test_post_datasets_nonexistent_collection_403","tests.unit.backend.layers.api","Thu Apr 10 14:35:44 GMT 2025","passed","Thu Apr 10 14:35:44 GMT 2025","TestPostDataset","test_curation_api","",""
"","7","test__update_collection_partial_data__OK","tests.unit.backend.layers.api","Thu Apr 10 14:35:42 GMT 2025","passed","Thu Apr 10 14:35:42 GMT 2025","TestPatchCollectionID","test_curation_api","",""
"","49","test__create_h5ad_data_file__copies_index_of_obs_and_var_to_column","tests.unit.processing","Thu Apr 10 14:36:27 GMT 2025","passed","Thu Apr 10 14:36:27 GMT 2025","TestH5ADDataFile","test_h5ad_data_file","",""
"","4","test_get_datasets_nonexistent_collection_4xx","tests.unit.backend.layers.api","Thu Apr 10 14:35:42 GMT 2025","passed","Thu Apr 10 14:35:42 GMT 2025","TestGetDatasets","test_curation_api","",""
"","3","test_OK","tests.unit.processing.schema_migration","Thu Apr 10 14:36:24 GMT 2025","passed","Thu Apr 10 14:36:24 GMT 2025","TestLogErrorsAndCleanup","test_log_errors_and_cleanup","",""
"
        Reuploads an unpublished dataset
        ","7","test__reupload_unpublished_dataset__202","tests.unit.backend.layers.api","Thu Apr 10 14:35:46 GMT 2025","passed","Thu Apr 10 14:35:46 GMT 2025","TestCollectionPutUploadLink","test_portal_api","",""
"","1","test_type_inference[parameters90]","tests.unit.processing","Thu Apr 10 14:36:35 GMT 2025","passed","Thu Apr 10 14:36:35 GMT 2025","","test_type_conversion_utils","",""
"","12534","test__query_marker_genes_cube__returns_correct_all_markers","tests.unit.backend.wmg","Thu Apr 10 14:36:04 GMT 2025","passed","Thu Apr 10 14:36:17 GMT 2025","QueryTest","test_query","",""
"
        A dataset can be replaced from a collection version by calling `ingest_dataset`
        and specifying an existing dataset_version_id
        ","9","test_replace_dataset_in_unpublished_collection_ok","tests.unit.backend.layers.business","Thu Apr 10 14:35:47 GMT 2025","passed","Thu Apr 10 14:35:47 GMT 2025","TestUpdateCollectionDatasets","test_business","",""
"
        Calling `ingest_dataset` and specifying a non existant dataset_version_id should fail
        ","6","test_replace_dataset_on_non_existing_dataset_fail","tests.unit.backend.layers.business","Thu Apr 10 14:35:47 GMT 2025","passed","Thu Apr 10 14:35:47 GMT 2025","TestUpdateCollectionDatasets","test_business","",""
"","1","test_type_inference[parameters96]","tests.unit.processing","Thu Apr 10 14:36:35 GMT 2025","passed","Thu Apr 10 14:36:35 GMT 2025","","test_type_conversion_utils","",""
"
        Publishing a collection with updated metadata should succeed, but not update revised_at
        ","17","test_publish_version_with_updated_metadata_ok","tests.unit.backend.layers.business","Thu Apr 10 14:35:48 GMT 2025","passed","Thu Apr 10 14:35:48 GMT 2025","TestCollectionOperations","test_business","",""
"","366","test__query_agg_tissue_counts__returns_correct_result","tests.unit.backend.wmg.api.common","Thu Apr 10 14:35:09 GMT 2025","passed","Thu Apr 10 14:35:09 GMT 2025","ExpressionDotPlotTest","test_expression_dotplot","",""
"","3","test__link_fake_collection__403","tests.unit.backend.layers.api","Thu Apr 10 14:35:46 GMT 2025","passed","Thu Apr 10 14:35:46 GMT 2025","TestCollectionPostUploadLink","test_portal_api","",""
"
        Replacing a dataset in a collection version does not alter the custom order of the datasets.
        ","16","test_set_collection_version_datasets_order_replace_dataset_ok","tests.unit.backend.layers.business","Thu Apr 10 14:35:47 GMT 2025","passed","Thu Apr 10 14:35:47 GMT 2025","TestSetCollectionVersionDatasetsOrder","test_business","",""
"","0","test_datetime_with_millis","tests.unit.backend.layers.utils","Thu Apr 10 14:35:55 GMT 2025","passed","Thu Apr 10 14:35:55 GMT 2025","TestCuratorJSONEncoder","test_json","",""
"
        Calling `get_dataset_artifact_download_data` should yield downloadable data
        ","7","test_get_dataset_artifact_download_data_ok","tests.unit.backend.layers.business","Thu Apr 10 14:35:47 GMT 2025","passed","Thu Apr 10 14:35:47 GMT 2025","TestGetDataset","test_business","",""
"","5","test__get_dataset_assets","tests.unit.backend.layers.api","Thu Apr 10 14:35:46 GMT 2025","passed","Thu Apr 10 14:35:46 GMT 2025","TestDataset","test_portal_api","",""
"","10","test__convert_uns_to_cxg_group","tests.unit.processing","Thu Apr 10 14:36:35 GMT 2025","passed","Thu Apr 10 14:36:35 GMT 2025","","test_spatial_assets_utils","",""
"","0","test__release_only_prerelease_properly_formatted_semvar__returns_false","tests.unit.backend.layers.utils","Thu Apr 10 14:35:56 GMT 2025","passed","Thu Apr 10 14:35:56 GMT 2025","TestSemvarUtils","test_semvar_utils","",""
"
        Given a canonical collection with a published version and an unpublished version with is_auto_version == False,
        creating an unpublished collection version where is_auto_verison is False will fail.
        ","15","test_create_collection_version_multiple_auto_versions_false_fails","tests.unit.backend.layers.business","Thu Apr 10 14:35:48 GMT 2025","passed","Thu Apr 10 14:35:48 GMT 2025","TestCollectionOperations","test_business","",""
"
        `get_collection_version_from_canonical` retrieves the unpublished version connected
        to the canonical collection, if no published version is available
        ","6","test_get_collection_version_from_canonical_unpublished_ok","tests.unit.backend.layers.business","Thu Apr 10 14:35:48 GMT 2025","passed","Thu Apr 10 14:35:48 GMT 2025","TestCollectionOperations","test_business","",""
"","0","test__link__OK[other-http://somewhere.org/path/?abcd=123]","tests.unit.backend.layers.common","Thu Apr 10 14:35:48 GMT 2025","passed","Thu Apr 10 14:35:48 GMT 2025","","test_validation","",""
"","5","test__create_deep_zoom_assets","tests.unit.processing","Thu Apr 10 14:36:35 GMT 2025","passed","Thu Apr 10 14:36:35 GMT 2025","","test_spatial_assets_utils","",""
"","11","test__get_all_datasets_for_index_with_ontology_expansion","tests.unit.backend.layers.api","Thu Apr 10 14:35:45 GMT 2025","passed","Thu Apr 10 14:35:45 GMT 2025","TestDataset","test_portal_api","",""
"","3","test__get_key__401","tests.unit.backend.layers.auth","Thu Apr 10 14:35:46 GMT 2025","passed","Thu Apr 10 14:35:46 GMT 2025","TestKeys","test_auth_keys","",""
"","11","test_trigger_dataset_artifact_update","tests.unit.backend.layers.business","Thu Apr 10 14:35:48 GMT 2025","passed","Thu Apr 10 14:35:48 GMT 2025","TestDatasetArtifactMetadataUpdates","test_business","",""
"","3","test_has_valid_artifact_statuses__invalid_atac_status_0","tests.unit.processing","Thu Apr 10 14:36:26 GMT 2025","passed","Thu Apr 10 14:36:26 GMT 2025","TestValidArtifactStatuses","test_dataset_metadata_update","",""
"
        A collection updated with the same DOI should not trigger a Crossref call
        ","1","test_update_collection_same_doi","tests.unit.backend.layers.business","Thu Apr 10 14:35:47 GMT 2025","passed","Thu Apr 10 14:35:47 GMT 2025","TestUpdateCollection","test_business","",""
"","1","test_type_inference[parameters75]","tests.unit.processing","Thu Apr 10 14:36:35 GMT 2025","passed","Thu Apr 10 14:36:35 GMT 2025","","test_type_conversion_utils","",""
"","151","test__to_cxg__simple_anndata_with_corpora_and_dense","tests.unit.processing","Thu Apr 10 14:36:28 GMT 2025","passed","Thu Apr 10 14:36:28 GMT 2025","TestH5ADDataFile","test_h5ad_data_file","",""
"","1","test_type_inference[parameters23]","tests.unit.processing","Thu Apr 10 14:36:35 GMT 2025","passed","Thu Apr 10 14:36:35 GMT 2025","","test_type_conversion_utils","",""
"","1","test__clean_doi","tests.unit.backend.common","Thu Apr 10 14:35:57 GMT 2025","passed","Thu Apr 10 14:35:57 GMT 2025","TestDoi","test_doi","",""
"
        Calling PUT /datasets/:dataset_id on an existing dataset_id should succeed if a valid link is uploaded by the
        owner of the collection or a super curator
        ","46","test__existing_from_link__OK","tests.unit.backend.layers.api","Thu Apr 10 14:35:44 GMT 2025","passed","Thu Apr 10 14:35:44 GMT 2025","TestPutManifestATAC","test_curation_api","",""
"","5","test__get_dataset_asset__asset_NOT_FOUND","tests.unit.backend.layers.api","Thu Apr 10 14:35:45 GMT 2025","passed","Thu Apr 10 14:35:45 GMT 2025","TestDataset","test_portal_api","",""
"
        A collection version can be created using `create_collection_version`
        ","14","test_create_collection_version_ok","tests.unit.backend.layers.business","Thu Apr 10 14:35:48 GMT 2025","passed","Thu Apr 10 14:35:48 GMT 2025","TestCollectionOperations","test_business","",""
"","0","test_type_inference[parameters94]","tests.unit.processing","Thu Apr 10 14:36:35 GMT 2025","passed","Thu Apr 10 14:36:35 GMT 2025","","test_type_conversion_utils","",""
"","11","test__get_tombstoned_collection__410","tests.unit.backend.layers.api","Thu Apr 10 14:35:41 GMT 2025","passed","Thu Apr 10 14:35:41 GMT 2025","TestGetCollectionID","test_curation_api","",""
"","4","test__get_dataset_asset__dataset_NOT_FOUND","tests.unit.backend.layers.api","Thu Apr 10 14:35:45 GMT 2025","passed","Thu Apr 10 14:35:45 GMT 2025","TestDataset","test_portal_api","",""
"","13","test_init_of_unknown_secret_does_not_set_secret_metadata","tests.unit.backend.layers.utils","Thu Apr 10 14:35:51 GMT 2025","passed","Thu Apr 10 14:35:51 GMT 2025","TestAwsSecret","test_aws_secret","",""
"","13124","test__canonical_marker_genes","tests.unit.backend.cellguide.pipeline","Thu Apr 10 14:35:13 GMT 2025","passed","Thu Apr 10 14:35:26 GMT 2025","CanonicalMarkerGeneCompilerTests","test_canonical_marker_genes","",""
"
        When publishing a collection version, is_auto_version should be set to False
        ","20","test_publish_version_sets_is_auto_version_False","tests.unit.backend.layers.business","Thu Apr 10 14:35:48 GMT 2025","passed","Thu Apr 10 14:35:48 GMT 2025","TestCollectionOperations","test_business","",""
"","0","test__link__INVALID[doi-.com]","tests.unit.backend.layers.common","Thu Apr 10 14:35:48 GMT 2025","passed","Thu Apr 10 14:35:48 GMT 2025","","test_validation","",""
"","18","test__list_collection__check_owner__auth","tests.unit.backend.layers.api","Thu Apr 10 14:35:45 GMT 2025","passed","Thu Apr 10 14:35:45 GMT 2025","TestCollection","test_portal_api","",""
"","91593","test__differentialExpression_returns_expected_results","tests.unit.backend.de.api","Thu Apr 10 14:35:16 GMT 2025","passed","Thu Apr 10 14:36:48 GMT 2025","DeAPIV1Tests","test_v1","",""
"
        Calling `ingest_dataset` and specifying an existing dataset should fail if the dataset is not in the
        final status
        ","7","test_replace_dataset_in_wrong_status_fail","tests.unit.backend.layers.business","Thu Apr 10 14:35:47 GMT 2025","passed","Thu Apr 10 14:35:47 GMT 2025","TestUpdateCollectionDatasets","test_business","",""
"","0","test_type_inference[parameters19]","tests.unit.processing","Thu Apr 10 14:36:35 GMT 2025","passed","Thu Apr 10 14:36:35 GMT 2025","","test_type_conversion_utils","",""
"","1","test_type_inference[parameters91]","tests.unit.processing","Thu Apr 10 14:36:35 GMT 2025","passed","Thu Apr 10 14:36:35 GMT 2025","","test_type_conversion_utils","",""
"","0","test__prerelease_properly_formatted_semvar__returns_true","tests.unit.backend.layers.utils","Thu Apr 10 14:35:56 GMT 2025","passed","Thu Apr 10 14:35:56 GMT 2025","TestSemvarUtils","test_semvar_utils","",""
"","194084","test__ontology_tree_builder","tests.unit.backend.cellguide.pipeline","Thu Apr 10 14:37:09 GMT 2025","passed","Thu Apr 10 14:40:23 GMT 2025","OntologyTreeBuilderTests","test_ontology_tree","",""
"A published fragment is used in the manifest, this will pass validation, the artifact will be copied to the
        new dataset version.","1","test_old_fragment","tests.unit.processing","Thu Apr 10 14:36:29 GMT 2025","passed","Thu Apr 10 14:36:29 GMT 2025","TestProcessValidateAtac","test_process_validate_atac","",""
"","9","test_post_datasets_not_owner_403","tests.unit.backend.layers.api","Thu Apr 10 14:35:44 GMT 2025","passed","Thu Apr 10 14:35:44 GMT 2025","TestPostDataset","test_curation_api","",""
"","432","test__query_all_indexed_dims_single_value__returns_correct_result","tests.unit.backend.wmg.api.common","Thu Apr 10 14:35:10 GMT 2025","passed","Thu Apr 10 14:35:10 GMT 2025","ExpressionDotPlotTest","test_expression_dotplot","",""
"
        Updating a collection version with a DOI change IF there is a dataset in non-finalized status should fail
        ","20","test_update_published_collection_fail__dataset_status_pending","tests.unit.backend.layers.business","Thu Apr 10 14:35:47 GMT 2025","passed","Thu Apr 10 14:35:47 GMT 2025","TestUpdateCollection","test_business","",""
"","0","test__link__OK[doi-https://www.google.com]","tests.unit.backend.layers.common","Thu Apr 10 14:35:48 GMT 2025","passed","Thu Apr 10 14:35:48 GMT 2025","","test_validation","",""
"","4","test__post_token__404","tests.unit.backend.layers.api","Thu Apr 10 14:35:44 GMT 2025","passed","Thu Apr 10 14:35:44 GMT 2025","TestAuthToken","test_curation_api","",""
"","1","test_collection_url","tests.unit.backend.layers.business","Thu Apr 10 14:35:47 GMT 2025","passed","Thu Apr 10 14:35:47 GMT 2025","TestCollectionOperations","test_business","",""
"","32341","test__source_collections_generator","tests.unit.backend.cellguide.pipeline","Thu Apr 10 14:40:23 GMT 2025","passed","Thu Apr 10 14:40:55 GMT 2025","TestSourceCollectionsGenerator","test_source_collections_generator","",""
"","4","test_update_non_owned_private_collection_as_super_curator__ok","tests.unit.backend.layers.api","Thu Apr 10 14:35:45 GMT 2025","passed","Thu Apr 10 14:35:45 GMT 2025","TestCollectionsCurators","test_portal_api","",""
"
        Successfully parses a properly formatted XML tree for gene information
        ","1","test_correct_parse_xml_tree","tests.unit.backend.layers.api","Thu Apr 10 14:35:44 GMT 2025","passed","Thu Apr 10 14:35:44 GMT 2025","GeneInfoAPIv1Tests","test_gene_info","",""
"","23","test_get_collection_version_ok","tests.unit.backend.layers.api","Thu Apr 10 14:35:41 GMT 2025","passed","Thu Apr 10 14:35:41 GMT 2025","TestGetCollectionVersionID","test_curation_api","",""
"","7","test__update_collection_strip_string_fields","tests.unit.backend.layers.api","Thu Apr 10 14:35:42 GMT 2025","passed","Thu Apr 10 14:35:42 GMT 2025","TestPatchCollectionID","test_curation_api","",""
"","66","test_get_all_datasets_200","tests.unit.backend.layers.api","Thu Apr 10 14:35:42 GMT 2025","passed","Thu Apr 10 14:35:42 GMT 2025","TestGetDatasets","test_curation_api","",""
"","1","test_type_inference[parameters12]","tests.unit.processing","Thu Apr 10 14:36:35 GMT 2025","passed","Thu Apr 10 14:36:35 GMT 2025","","test_type_conversion_utils","",""
"","3","test_has_valid_artifact_statuses__invalid_rds_status_1","tests.unit.processing","Thu Apr 10 14:36:26 GMT 2025","passed","Thu Apr 10 14:36:26 GMT 2025","TestValidArtifactStatuses","test_dataset_metadata_update","",""
"","11","test__get_all_datasets_for_index","tests.unit.backend.layers.api","Thu Apr 10 14:35:45 GMT 2025","passed","Thu Apr 10 14:35:45 GMT 2025","TestDataset","test_portal_api","",""
"Test that the create_atac_artifact method creates an artifact for the fragment index.","1","test_fragment_index","tests.unit.processing","Thu Apr 10 14:36:29 GMT 2025","passed","Thu Apr 10 14:36:29 GMT 2025","TestCreateAtacArtifact","test_process_validate_atac","",""
"","1","test_with_migration_revision","tests.unit.processing.schema_migration","Thu Apr 10 14:36:24 GMT 2025","passed","Thu Apr 10 14:36:24 GMT 2025","TestGatherCollections","test_gather_collections","",""
"","0","test_type_inference[parameters40]","tests.unit.processing","Thu Apr 10 14:36:35 GMT 2025","passed","Thu Apr 10 14:36:35 GMT 2025","","test_type_conversion_utils","",""
"","14","test_revision_restoring_previously_published_dataset","tests.unit.backend.layers.business","Thu Apr 10 14:35:48 GMT 2025","passed","Thu Apr 10 14:35:48 GMT 2025","TestSetPreviousDatasetVersion","test_business","",""
"","7","test__collection_level_processing_status__SUCCESS","tests.unit.backend.layers.api","Thu Apr 10 14:35:41 GMT 2025","passed","Thu Apr 10 14:35:41 GMT 2025","TestGetCollections","test_curation_api","",""
"
        A collection with a DOI that cannot be found on Crossref will not be created
        ","0","test_create_collection_with_not_found_doi_fail","tests.unit.backend.layers.business","Thu Apr 10 14:35:46 GMT 2025","passed","Thu Apr 10 14:35:46 GMT 2025","TestCreateCollection","test_business","",""
"","5","test__update_collection_partial__OK","tests.unit.backend.layers.api","Thu Apr 10 14:35:45 GMT 2025","passed","Thu Apr 10 14:35:45 GMT 2025","TestUpdateCollection","test_portal_api","",""
"","4","test__post_collection_ignores_metadata_if_crossref_exception","tests.unit.backend.layers.api","Thu Apr 10 14:35:45 GMT 2025","passed","Thu Apr 10 14:35:45 GMT 2025","TestCollection","test_portal_api","",""
"","14","test__get_public_collection__OK","tests.unit.backend.layers.api","Thu Apr 10 14:35:41 GMT 2025","passed","Thu Apr 10 14:35:41 GMT 2025","TestGetCollectionID","test_curation_api","",""
"
        A collection version can only be created on an existing collection
        ","0","test_create_collection_version_fails_if_collection_not_exists","tests.unit.backend.layers.business","Thu Apr 10 14:35:47 GMT 2025","passed","Thu Apr 10 14:35:47 GMT 2025","TestCollectionOperations","test_business","",""
"","0","test__link__OK[lab_website-https://www.google.com]","tests.unit.backend.layers.common","Thu Apr 10 14:35:48 GMT 2025","passed","Thu Apr 10 14:35:48 GMT 2025","","test_validation","",""
"","11","test_update_metadata__invalid_artifact_status","tests.unit.processing","Thu Apr 10 14:36:25 GMT 2025","passed","Thu Apr 10 14:36:26 GMT 2025","TestUpdateMetadataHandler","test_dataset_metadata_update","",""
"
        Calling PUT /datasets/:dataset_id should fail with 401 Unauthorized if the user is not authenticated
        ","6","test__from_link__no_auth","tests.unit.backend.layers.api","Thu Apr 10 14:35:44 GMT 2025","passed","Thu Apr 10 14:35:44 GMT 2025","TestPutLink","test_curation_api","",""
"","3","test__get_key__404","tests.unit.backend.layers.auth","Thu Apr 10 14:35:46 GMT 2025","passed","Thu Apr 10 14:35:46 GMT 2025","TestKeys","test_auth_keys","",""
"","96","test__validate_with_valid_s3_url__ok","tests.unit.backend.layers.utils","Thu Apr 10 14:35:56 GMT 2025","passed","Thu Apr 10 14:35:56 GMT 2025","TestS3URL","test_uri","",""
"","8","test_patch_public_collection_dataset_not_authorized_403","tests.unit.backend.layers.api","Thu Apr 10 14:35:42 GMT 2025","passed","Thu Apr 10 14:35:42 GMT 2025","TestPatchDataset","test_curation_api","",""
"
        The check for changes in Crossref returns None if there is no change between the existing DOI and the
        DOI returned from Crossref.
        ","16","test_update_crossref_metadata_same_doi_returns_none_ok","tests.unit.backend.layers.business","Thu Apr 10 14:35:48 GMT 2025","passed","Thu Apr 10 14:35:48 GMT 2025","TestCollectionOperations","test_business","",""
"","1","test_with_published","tests.unit.processing.schema_migration","Thu Apr 10 14:36:24 GMT 2025","passed","Thu Apr 10 14:36:24 GMT 2025","TestGatherCollections","test_gather_collections","",""
"
        When publishing a collection that contains a replaced dataset,
        `published_at` for the replaced dataset should not be updated
        ","20","test_dataset_published_at_with_replaced_dataset_ok","tests.unit.backend.layers.business","Thu Apr 10 14:35:48 GMT 2025","passed","Thu Apr 10 14:35:48 GMT 2025","TestCollectionOperations","test_business","",""
"","3","test__get_manifest_by_missing_collection_id_fails","tests.unit.backend.layers.api","Thu Apr 10 14:35:44 GMT 2025","passed","Thu Apr 10 14:35:44 GMT 2025","TestGetDatasetManifest","test_curation_api","",""
"","186","test__file_info__returns_file_size","tests.unit.backend.layers.utils","Thu Apr 10 14:35:56 GMT 2025","passed","Thu Apr 10 14:35:56 GMT 2025","TestS3URI","test_uri","",""
"","2","test__provider_calls_crossref_if_api_key_defined","tests.unit.backend.common","Thu Apr 10 14:35:57 GMT 2025","passed","Thu Apr 10 14:35:57 GMT 2025","TestCrossrefProvider","test_crossref_provider","",""
"","0","test__link__OK[protocol-http://somewhere.org/path/?abcd=123]","tests.unit.backend.layers.common","Thu Apr 10 14:35:48 GMT 2025","passed","Thu Apr 10 14:35:48 GMT 2025","","test_validation","",""
"","4","test_rollback_private_dataset[False]","tests.unit.processing","Thu Apr 10 14:36:34 GMT 2025","passed","Thu Apr 10 14:36:34 GMT 2025","","test_rollback","",""
"
        Only collection versions with the specified owner should be returned, including both published and unpublished
        ","13","test_get_all_collections_with_owner_ok","tests.unit.backend.layers.business","Thu Apr 10 14:35:47 GMT 2025","passed","Thu Apr 10 14:35:47 GMT 2025","TestGetAllCollections","test_business","",""
"","0","test__link__INVALID[data_source-google]","tests.unit.backend.layers.common","Thu Apr 10 14:35:48 GMT 2025","passed","Thu Apr 10 14:35:48 GMT 2025","","test_validation","",""
"","0","test_type_inference[parameters25]","tests.unit.processing","Thu Apr 10 14:36:35 GMT 2025","passed","Thu Apr 10 14:36:35 GMT 2025","","test_type_conversion_utils","",""
"","45","test__slash_in_attribute_name","tests.unit.processing","Thu Apr 10 14:36:28 GMT 2025","passed","Thu Apr 10 14:36:28 GMT 2025","TestH5ADDataFile","test_h5ad_data_file","",""
"","292","test__multiple_dimensions__returns_all_dimensions_and_terms_as_tuples","tests.unit.backend.wmg","Thu Apr 10 14:36:29 GMT 2025","passed","Thu Apr 10 14:36:29 GMT 2025","QueryPrimaryFilterDimensionsTest","test_query","",""
"
    Test that the `rollup` function correctly accumulates (or rolls up) gene-expression
    values FOR EACH expressed gene and cell count values up the cell type ANCESTOR paths
    grouped by (tissue_ontology_term_id, cell_type_ontology_term_id, <compare_dimension>).

    The input:

    1. A cell type ontology subgraph consisting of 4 cell types.

    CL:0000127
    ├── CL:0000644
    ├── CL:0002605
    └── CL:0002627

    2. A gene expression dataframe consisting of expression numeric values for each
    (gene_ontology_term_id, tissue_ontology_term_id, cell_type_ontology_term_id, <compare_dimension>) tuple.
    3. The gene expression dataframe also holds total cell counts per tissue_ontology_term_id.
    This value is held in a column called `n_cells_tissue`.
    6. A cell counts dataframe that consists of cell counts for each
    (tissue_ontology_term_id, cell_type_ontology_term_id, <compare_dimension>) tuple.
    7. We set the `n_cells_tissue` column values to 1000 for all rows
    in the gene expression dataframe.
    8. We set all other numeric column values to `1` in the gene expression dataframe.

    The expected output:

    1. A rolled up gene expression dataframe.
    2. A rolled up cell counts dataframe.
    3. Assert that `n_cells_tissue` column value in the rolled up gene expression dataframe
    does not change for all rows because it should not be rolled up the cell type ontology
    ancestor paths.
    4. Assert that other numeric column values (i.e the columns that are not `n_cells_tissue`)
    in the rolled up gene expression dataframe hold the correct rolled up values.
    5. Assert that the cell counts in the rolled up cell counts dataframe hold the correct
    rolled up values.
    ","20","test__rollup[no_compare_dim_one_ancestor_cell_type_missing_in_one_tissue_but_exists_in_all_others-input_cell_counts_df1-expected_cell_counts_df1-input_gene_expr_df1-expected_gene_expr_df1]","tests.unit.backend.wmg.api.common","Thu Apr 10 14:35:11 GMT 2025","passed","Thu Apr 10 14:35:11 GMT 2025","","test_rollup","",""
"revision_of contains None if the collection is public","10","test__get_collections_with_auth__OK_5","tests.unit.backend.layers.api","Thu Apr 10 14:35:41 GMT 2025","passed","Thu Apr 10 14:35:41 GMT 2025","TestGetCollections","test_curation_api","",""
"","3","test__create_deep_zoom_assets_exception","tests.unit.processing","Thu Apr 10 14:36:35 GMT 2025","passed","Thu Apr 10 14:36:35 GMT 2025","","test_spatial_assets_utils","",""
"","3","test_post_datasets_with_collection_version_id_403","tests.unit.backend.layers.api","Thu Apr 10 14:35:44 GMT 2025","passed","Thu Apr 10 14:35:44 GMT 2025","TestPostDataset","test_curation_api","",""
"","9","test_trigger_dataset_artifact_update__error_if_published","tests.unit.backend.layers.business","Thu Apr 10 14:35:48 GMT 2025","passed","Thu Apr 10 14:35:48 GMT 2025","TestDatasetArtifactMetadataUpdates","test_business","",""
"","5","test__post_collection_fails_with_extra_fields","tests.unit.backend.layers.api","Thu Apr 10 14:35:45 GMT 2025","passed","Thu Apr 10 14:35:45 GMT 2025","TestCollection","test_portal_api","",""
"","0","test_timedelta","tests.unit.backend.layers.utils","Thu Apr 10 14:35:55 GMT 2025","passed","Thu Apr 10 14:35:55 GMT 2025","TestCustomJSONEncoder","test_json","",""
"","6","test__dp_api_swagger_ui__returns_200","tests.unit.backend.layers.api","Thu Apr 10 14:35:40 GMT 2025","passed","Thu Apr 10 14:35:40 GMT 2025","TestAPI","test_app","",""
"","16","test__get_collection_versions_not_published_canonical__404","tests.unit.backend.layers.api","Thu Apr 10 14:35:41 GMT 2025","passed","Thu Apr 10 14:35:41 GMT 2025","TestGetCollectionVersions","test_curation_api","",""
"","60409","test_marker_genes_cube","tests.unit.wmg_processing","Thu Apr 10 14:37:55 GMT 2025","passed","Thu Apr 10 14:38:56 GMT 2025","MarkerGenesTests","test_marker_genes","",""
"","47","test__create_h5ad_data_file__var_index_name_specified_not_unique_raises_exception","tests.unit.processing","Thu Apr 10 14:36:27 GMT 2025","passed","Thu Apr 10 14:36:28 GMT 2025","TestH5ADDataFile","test_h5ad_data_file","",""
"revision_of contains the id to their published counterpart","13","test__get_collections_with_auth__OK_4","tests.unit.backend.layers.api","Thu Apr 10 14:35:41 GMT 2025","passed","Thu Apr 10 14:35:41 GMT 2025","TestGetCollections","test_curation_api","",""
"","5","test__post_collection_rejects_doi_not_in_crossref","tests.unit.backend.layers.api","Thu Apr 10 14:35:45 GMT 2025","passed","Thu Apr 10 14:35:45 GMT 2025","TestCollection","test_portal_api","",""
"","1","test_type_inference[parameters83]","tests.unit.processing","Thu Apr 10 14:36:35 GMT 2025","passed","Thu Apr 10 14:36:35 GMT 2025","","test_type_conversion_utils","",""
"
        Asserts a CrossrefFetchException if the GET request fails for any reason
        ","2","test__provider_throws_exception_if_request_fails","tests.unit.backend.common","Thu Apr 10 14:35:57 GMT 2025","passed","Thu Apr 10 14:35:57 GMT 2025","TestCrossrefProvider","test_crossref_provider","",""
"
        If the validation is not successful, the processing pipeline should:
        1. Set the processing status to INVALID
        2. Set a validation message accordingly
        ","1798","test_process_validate_fail","tests.unit.processing","Thu Apr 10 14:36:29 GMT 2025","passed","Thu Apr 10 14:36:31 GMT 2025","TestProcessValidateH5AD","test_process_validate_h5ad","",""
"","0","test_invalid_email[@place.com]","tests.unit.backend.layers.common","Thu Apr 10 14:35:48 GMT 2025","passed","Thu Apr 10 14:35:48 GMT 2025","","test_validation","",""
"","10","test_create_empty_dataset_version_for_current_dataset","tests.unit.backend.layers.business","Thu Apr 10 14:35:47 GMT 2025","passed","Thu Apr 10 14:35:47 GMT 2025","TestUpdateCollectionDatasets","test_business","",""
"","9","test__get_manifest_tombstoned__410","tests.unit.backend.layers.api","Thu Apr 10 14:35:44 GMT 2025","passed","Thu Apr 10 14:35:44 GMT 2025","TestGetDatasetManifest","test_curation_api","",""
"","1","test_type_inference[parameters73]","tests.unit.processing","Thu Apr 10 14:36:35 GMT 2025","passed","Thu Apr 10 14:36:35 GMT 2025","","test_type_conversion_utils","",""
"","30","test__delete_public_collection","tests.unit.backend.layers.api","Thu Apr 10 14:35:41 GMT 2025","passed","Thu Apr 10 14:35:41 GMT 2025","TestDeleteCollection","test_curation_api","",""
"","1","test_generate","tests.unit.backend.layers.utils","Thu Apr 10 14:35:48 GMT 2025","passed","Thu Apr 10 14:35:48 GMT 2025","TestAPIKey","test_api_key","",""
"","3","test__is_matrix_sparse__partially_populated_dense_matrix_returns_false","tests.unit.processing","Thu Apr 10 14:36:29 GMT 2025","passed","Thu Apr 10 14:36:29 GMT 2025","TestMatrixUtils","test_matrix_utils","",""
"","294","test_download","tests.unit.backend.layers.utils","Thu Apr 10 14:35:56 GMT 2025","passed","Thu Apr 10 14:35:56 GMT 2025","TestS3URI","test_uri","",""
"
        A collection version can be published using `publish_collection`
        ","10","test_publish_version_ok","tests.unit.backend.layers.business","Thu Apr 10 14:35:48 GMT 2025","passed","Thu Apr 10 14:35:48 GMT 2025","TestCollectionOperations","test_business","",""
"","1","test_log_suppressed__caught","tests.unit.processing","Thu Apr 10 14:36:29 GMT 2025","passed","Thu Apr 10 14:36:29 GMT 2025","","test_logger","",""
"","3","test_create_migration_revision__published_with_revision","tests.unit.processing.schema_migration","Thu Apr 10 14:36:24 GMT 2025","passed","Thu Apr 10 14:36:24 GMT 2025","TestCollectionMigrate","test_collection_migrate","",""
"","0","test_enum","tests.unit.backend.layers.utils","Thu Apr 10 14:35:55 GMT 2025","passed","Thu Apr 10 14:35:55 GMT 2025","TestCustomJSONEncoder","test_json","",""
"","13","test__verify_expected_revision_collection_fields","tests.unit.backend.layers.api","Thu Apr 10 14:35:41 GMT 2025","passed","Thu Apr 10 14:35:41 GMT 2025","TestGetCollections","test_curation_api","",""
"","3","test__delete_key__202","tests.unit.backend.layers.auth","Thu Apr 10 14:35:46 GMT 2025","passed","Thu Apr 10 14:35:46 GMT 2025","TestKeys","test_auth_keys","",""
"","2","test_adata_with_noncanonical_raw_X","tests.unit.processing","Thu Apr 10 14:36:29 GMT 2025","passed","Thu Apr 10 14:36:29 GMT 2025","TestEnforceCanonical","test_matrix_utils","",""
"","1","test__link__OK[other-https://www.google.com]","tests.unit.backend.layers.common","Thu Apr 10 14:35:48 GMT 2025","passed","Thu Apr 10 14:35:48 GMT 2025","","test_validation","",""
"
        Start a revision of a collection.
        ","36","test__start_revision_of_a_collection__201","tests.unit.backend.layers.api","Thu Apr 10 14:35:46 GMT 2025","passed","Thu Apr 10 14:35:46 GMT 2025","TestRevision","test_portal_api","",""
"","3456","test_process_anndata","tests.unit.processing","Thu Apr 10 14:36:31 GMT 2025","passed","Thu Apr 10 14:36:34 GMT 2025","ProcessingTest","test_processing","",""
"A cellxgene public dataset url cannot be used to create a new canonical dataset.","7","test_ingest_published_anndata_dataset_in_new_dataset__not_allowed","tests.unit.backend.layers.business","Thu Apr 10 14:35:47 GMT 2025","passed","Thu Apr 10 14:35:47 GMT 2025","TestUpdateCollectionDatasets","test_business","",""
"","17","test_get_manifest_cases_ok","tests.unit.backend.layers.api","Thu Apr 10 14:35:44 GMT 2025","passed","Thu Apr 10 14:35:44 GMT 2025","TestGetDatasetManifest","test_curation_api","",""
"
        A collection with consortia can be created using `create_collection`
        ","1","test_create_collection_with_consortia_ok","tests.unit.backend.layers.business","Thu Apr 10 14:35:46 GMT 2025","passed","Thu Apr 10 14:35:46 GMT 2025","TestCreateCollection","test_business","",""
"","0","test_session_refresh","tests.unit.backend.layers.common","Thu Apr 10 14:35:48 GMT 2025","skipped","Thu Apr 10 14:35:48 GMT 2025","TestSession","test_auth0_manager","",""
"
        Successfully calls GeneChecker if called with only a name parameter
        ","4","test_gene_checker_call","tests.unit.backend.layers.api","Thu Apr 10 14:35:44 GMT 2025","passed","Thu Apr 10 14:35:44 GMT 2025","GeneInfoAPIv1Tests","test_gene_info","",""
"","14","test_patch_revision_dataset_owner_202","tests.unit.backend.layers.api","Thu Apr 10 14:35:42 GMT 2025","passed","Thu Apr 10 14:35:42 GMT 2025","TestPatchDataset","test_curation_api","",""
"","1","test_invalid_email[email@place.]","tests.unit.backend.layers.common","Thu Apr 10 14:35:48 GMT 2025","passed","Thu Apr 10 14:35:48 GMT 2025","","test_validation","",""
"","10","test_update_metadata__raw_h5ad_updated","tests.unit.processing","Thu Apr 10 14:36:26 GMT 2025","passed","Thu Apr 10 14:36:26 GMT 2025","TestUpdateMetadataHandler","test_dataset_metadata_update","",""
"Test that the hash_file method returns the correct hash.","1","test_hash_file","tests.unit.processing","Thu Apr 10 14:36:29 GMT 2025","passed","Thu Apr 10 14:36:29 GMT 2025","TestHashFile","test_process_validate_atac","",""
"","0","test_type_inference[parameters24]","tests.unit.processing","Thu Apr 10 14:36:35 GMT 2025","passed","Thu Apr 10 14:36:35 GMT 2025","","test_type_conversion_utils","",""
"
    Test the cropping method to ensure the image is cropped to a square
    ","2","test__crop_to_aspect_ratio[200-150]","tests.unit.processing","Thu Apr 10 14:36:35 GMT 2025","passed","Thu Apr 10 14:36:35 GMT 2025","","test_spatial_assets_utils","",""
"","2","test_dataset_migrate_private","tests.unit.processing.schema_migration","Thu Apr 10 14:36:24 GMT 2025","passed","Thu Apr 10 14:36:24 GMT 2025","TestDatasetMigrate","test_dataset_migrate","",""
"New messages are appended to the existing ones","4","test_update_dataset_status_validate_message_with_appending","tests.unit.backend.layers.business","Thu Apr 10 14:35:47 GMT 2025","passed","Thu Apr 10 14:35:47 GMT 2025","TestUpdateDataset","test_business","",""
"Test that the create_atac_artifact method creates an artifact for the fragment.","1","test_fragment","tests.unit.processing","Thu Apr 10 14:36:29 GMT 2025","passed","Thu Apr 10 14:36:29 GMT 2025","TestCreateAtacArtifact","test_process_validate_atac","",""
"","27","test__generate_s3_credentials__OK","tests.unit.backend.layers.api","Thu Apr 10 14:35:41 GMT 2025","passed","Thu Apr 10 14:35:41 GMT 2025","TestS3Credentials","test_curation_api","",""
"","1","test_type_inference[parameters82]","tests.unit.processing","Thu Apr 10 14:36:35 GMT 2025","passed","Thu Apr 10 14:36:35 GMT 2025","","test_type_conversion_utils","",""
"Check that all artifacts are deleted for the given cases.","1","test_cleanup_artifacts__validate_atac_OK","tests.unit.processing","Thu Apr 10 14:36:29 GMT 2025","passed","Thu Apr 10 14:36:29 GMT 2025","TestCleanupArtifacts","test_handle_error","",""
"","2","test_generate_dataset_citation__no_doi","tests.unit.backend.layers.business","Thu Apr 10 14:35:48 GMT 2025","passed","Thu Apr 10 14:35:48 GMT 2025","TestDatasetArtifactMetadataUpdates","test_business","",""
"A cellxgene public dataset url cannot be used to create a new canonical dataset.","10","test_ingest_published_atac_dataset_in_new_dataset__not_allowed","tests.unit.backend.layers.business","Thu Apr 10 14:35:47 GMT 2025","passed","Thu Apr 10 14:35:47 GMT 2025","TestUpdateCollectionDatasets","test_business","",""
"","0","test_type_inference[parameters47]","tests.unit.processing","Thu Apr 10 14:36:35 GMT 2025","passed","Thu Apr 10 14:36:35 GMT 2025","","test_type_conversion_utils","",""
"","4","test__update_collection__403","tests.unit.backend.layers.api","Thu Apr 10 14:35:45 GMT 2025","passed","Thu Apr 10 14:35:45 GMT 2025","TestUpdateCollection","test_portal_api","",""
"","533","test__schema4__query_request_with_compare_by_ethnicity__excludes_comma_delimited_ethnicity_values","tests.unit.backend.wmg.api","Thu Apr 10 14:35:39 GMT 2025","passed","Thu Apr 10 14:35:40 GMT 2025","WmgApiV2Tests","test_v2","",""
"","3","test__catchall_exception_handler","tests.unit.backend.layers.api","Thu Apr 10 14:35:40 GMT 2025","passed","Thu Apr 10 14:35:40 GMT 2025","TestAPI","test_app","",""
"","164","test__to_cxg__simple_anndata_no_corpora_and_sparse","tests.unit.processing","Thu Apr 10 14:36:28 GMT 2025","passed","Thu Apr 10 14:36:28 GMT 2025","TestH5ADDataFile","test_h5ad_data_file","",""
"","1","test_type_inference[parameters55]","tests.unit.processing","Thu Apr 10 14:36:35 GMT 2025","passed","Thu Apr 10 14:36:35 GMT 2025","","test_type_conversion_utils","",""
"","2003","test__gpt_seo_description_generator","tests.unit.backend.cellguide.pipeline","Thu Apr 10 14:36:42 GMT 2025","passed","Thu Apr 10 14:36:44 GMT 2025","TestGptDescriptionGenerator","test_gpt_descriptions","",""
"
        Successfully calls NCBIProvider fetch and search functions with both ID and name params
        ","3","test_gene_info_with_id_and_name","tests.unit.backend.layers.api","Thu Apr 10 14:35:44 GMT 2025","passed","Thu Apr 10 14:35:44 GMT 2025","GeneInfoAPIv1Tests","test_gene_info","",""
"","2","test__query_empty_request__returns_400","tests.unit.backend.wmg.api","Thu Apr 10 14:35:37 GMT 2025","passed","Thu Apr 10 14:35:37 GMT 2025","WmgApiV2Tests","test_v2","",""
"","5","test__get_private_collection__OK","tests.unit.backend.layers.api","Thu Apr 10 14:35:41 GMT 2025","passed","Thu Apr 10 14:35:41 GMT 2025","TestGetCollectionID","test_curation_api","",""
"","8","test__list_collection__ok","tests.unit.backend.layers.api","Thu Apr 10 14:35:45 GMT 2025","passed","Thu Apr 10 14:35:45 GMT 2025","TestCollection","test_portal_api","",""
"","254","test_get_file_info","tests.unit.backend.layers.utils","Thu Apr 10 14:35:56 GMT 2025","passed","Thu Apr 10 14:35:57 GMT 2025","TestS3URL","test_uri","",""
"","1","test_type_inference[parameters81]","tests.unit.processing","Thu Apr 10 14:36:35 GMT 2025","passed","Thu Apr 10 14:36:35 GMT 2025","","test_type_conversion_utils","",""
"","1","test_type_inference[parameters50]","tests.unit.processing","Thu Apr 10 14:36:35 GMT 2025","passed","Thu Apr 10 14:36:35 GMT 2025","","test_type_conversion_utils","",""
"","25","test__convert_matrices_to_cxg_arrays__dense_array_writes_successfully","tests.unit.processing","Thu Apr 10 14:36:25 GMT 2025","passed","Thu Apr 10 14:36:25 GMT 2025","TestCxgGenerationUtils","test_cxg_generation_utils","",""
"","1","test_rollback[rollback_args3]","tests.unit.processing","Thu Apr 10 14:36:34 GMT 2025","passed","Thu Apr 10 14:36:34 GMT 2025","","test_rollback","",""
"","1","test_type_inference[parameters3]","tests.unit.processing","Thu Apr 10 14:36:35 GMT 2025","passed","Thu Apr 10 14:36:35 GMT 2025","","test_type_conversion_utils","",""
"
        Checks for failure on submit of a data submission policy version that is not a valid version.
        ","6","test__publish_revision_invalid_data_submission_policy_version__400","tests.unit.backend.layers.api","Thu Apr 10 14:35:46 GMT 2025","passed","Thu Apr 10 14:35:46 GMT 2025","TestPublishRevision","test_portal_api","",""
"","3","test__get_public_collection_verify_consortia_sorted__OK_2","tests.unit.backend.layers.api","Thu Apr 10 14:35:41 GMT 2025","passed","Thu Apr 10 14:35:41 GMT 2025","TestGetCollectionID","test_curation_api","",""
"","1","test_with_private","tests.unit.processing.schema_migration","Thu Apr 10 14:36:24 GMT 2025","passed","Thu Apr 10 14:36:24 GMT 2025","TestGatherCollections","test_gather_collections","",""
"
        Start a revision of a collection with links.
        ","24","test__start_revision_of_a_collection_w_links__201","tests.unit.backend.layers.api","Thu Apr 10 14:35:46 GMT 2025","passed","Thu Apr 10 14:35:46 GMT 2025","TestRevision","test_portal_api","",""
"cannot reupload a public published dataset","9","test__reupload_public_dataset__403","tests.unit.backend.layers.api","Thu Apr 10 14:35:46 GMT 2025","passed","Thu Apr 10 14:35:46 GMT 2025","TestCollectionPutUploadLink","test_portal_api","",""
"","1","test_migration_event_does_not_trigger_slack","tests.unit.processing","Thu Apr 10 14:36:29 GMT 2025","passed","Thu Apr 10 14:36:29 GMT 2025","","test_handle_error","",""
"","0","test_illegal_characters","tests.unit.backend.layers.utils","Thu Apr 10 14:35:55 GMT 2025","passed","Thu Apr 10 14:35:55 GMT 2025","TestCustomJSONEncoder","test_json","",""
"","0","test_type_inference[parameters5]","tests.unit.processing","Thu Apr 10 14:36:35 GMT 2025","passed","Thu Apr 10 14:36:35 GMT 2025","","test_type_conversion_utils","",""
"","0","test_type_inference[parameters26]","tests.unit.processing","Thu Apr 10 14:36:35 GMT 2025","passed","Thu Apr 10 14:36:35 GMT 2025","","test_type_conversion_utils","",""
"","1","test_log_suppressed__missed","tests.unit.processing","Thu Apr 10 14:36:29 GMT 2025","passed","Thu Apr 10 14:36:29 GMT 2025","","test_logger","",""
"","3","test__set_collection_version_datasets_order_unauthenticated__401","tests.unit.backend.layers.api","Thu Apr 10 14:35:45 GMT 2025","passed","Thu Apr 10 14:35:45 GMT 2025","TestUpdateCollection","test_portal_api","",""
"","8","test_delete_collection_version__public__403","tests.unit.backend.layers.api","Thu Apr 10 14:35:45 GMT 2025","passed","Thu Apr 10 14:35:45 GMT 2025","TestCollectionDeletion","test_portal_api","",""
"","1","test_parse_event_with_empty_event","tests.unit.processing","Thu Apr 10 14:36:29 GMT 2025","passed","Thu Apr 10 14:36:29 GMT 2025","","test_handle_error","",""
"
        Attempting to set the order of the datasets in a collection version with a list of different length should fail.
        ","6","test_set_collection_version_datasets_order_length_fail","tests.unit.backend.layers.business","Thu Apr 10 14:35:47 GMT 2025","passed","Thu Apr 10 14:35:47 GMT 2025","TestSetCollectionVersionDatasetsOrder","test_business","",""
"","3","test__post_collection_ignores_metadata_if_no_doi","tests.unit.backend.layers.api","Thu Apr 10 14:35:45 GMT 2025","passed","Thu Apr 10 14:35:45 GMT 2025","TestCollection","test_portal_api","",""
"
        Call process download using unknown
        ","2","test_download_unknown_uri","tests.unit.processing","Thu Apr 10 14:36:29 GMT 2025","passed","Thu Apr 10 14:36:29 GMT 2025","TestProcessDownload","test_process_validate_h5ad","",""
"
        A published collection version can be obtained using `get_collection_version`
        ","9","test_get_collection_version_for_published_collection_ok","tests.unit.backend.layers.business","Thu Apr 10 14:35:46 GMT 2025","passed","Thu Apr 10 14:35:46 GMT 2025","TestGetCollectionVersion","test_business","",""
"
        A super curator can reupload a dataset to a non-owned collection
        ","8","test__can_reupload_dataset_as_super_curator","tests.unit.backend.layers.api","Thu Apr 10 14:35:46 GMT 2025","passed","Thu Apr 10 14:35:46 GMT 2025","TestCollectionUploadLinkCurators","test_portal_api","",""
"","5","test__query_containing_tissue__request_returns_400","tests.unit.backend.wmg.api","Thu Apr 10 14:35:37 GMT 2025","passed","Thu Apr 10 14:35:37 GMT 2025","WmgApiV2Tests","test_v2","",""
"","0","test_feature_flag","tests.unit.backend.common","Thu Apr 10 14:35:57 GMT 2025","passed","Thu Apr 10 14:35:57 GMT 2025","TestFeatureFlag","test_feature_flag","",""
"
        When publishing a collection that contains a new dataset, `published_at` for the new dataset should be updated
        ","21","test_dataset_published_at_with_new_dataset_ok","tests.unit.backend.layers.business","Thu Apr 10 14:35:48 GMT 2025","passed","Thu Apr 10 14:35:48 GMT 2025","TestCollectionOperations","test_business","",""
"
        Publishing a version with a dataset removed should succeed
        ","20","test_publish_version_with_removed_dataset_ok","tests.unit.backend.layers.business","Thu Apr 10 14:35:48 GMT 2025","passed","Thu Apr 10 14:35:48 GMT 2025","TestCollectionOperations","test_business","",""
"","7","test__bad_link__400","tests.unit.backend.layers.api","Thu Apr 10 14:35:46 GMT 2025","passed","Thu Apr 10 14:35:46 GMT 2025","TestCollectionPostUploadLink","test_portal_api","",""
"","8","test_private_restoring_previously_replaced_dataset","tests.unit.backend.layers.business","Thu Apr 10 14:35:48 GMT 2025","passed","Thu Apr 10 14:35:48 GMT 2025","TestSetPreviousDatasetVersion","test_business","",""
"","10","test__get_collection_with_dataset_failing_validation","tests.unit.backend.layers.api","Thu Apr 10 14:35:41 GMT 2025","passed","Thu Apr 10 14:35:41 GMT 2025","TestGetCollectionID","test_curation_api","",""
"","8","test__post_revision_by_collection_version_id_403","tests.unit.backend.layers.api","Thu Apr 10 14:35:44 GMT 2025","passed","Thu Apr 10 14:35:44 GMT 2025","TestPostRevision","test_curation_api","",""
"","1","test_type_inference[parameters10]","tests.unit.processing","Thu Apr 10 14:36:35 GMT 2025","passed","Thu Apr 10 14:36:35 GMT 2025","","test_type_conversion_utils","",""
"
        When publishing a new collection with a DOI, a Crossref check should be made.
        ","8","test_publish_private_collection_crossref_checked_ok","tests.unit.backend.layers.business","Thu Apr 10 14:35:48 GMT 2025","passed","Thu Apr 10 14:35:48 GMT 2025","TestCollectionOperations","test_business","",""
"","9","test_rollback_private_collection","tests.unit.processing","Thu Apr 10 14:36:34 GMT 2025","passed","Thu Apr 10 14:36:34 GMT 2025","","test_rollback","",""
"
        Unable to publish a revision with no datasets.
        ","143","test__publish_revision_with_all_removed_datasets__409","tests.unit.backend.layers.api","Thu Apr 10 14:35:46 GMT 2025","passed","Thu Apr 10 14:35:46 GMT 2025","TestPublishRevision","test_portal_api","",""
"","3","test_has_valid_artifact_statuses__invalid_h5ad_status_0","tests.unit.processing","Thu Apr 10 14:36:26 GMT 2025","passed","Thu Apr 10 14:36:26 GMT 2025","TestValidArtifactStatuses","test_dataset_metadata_update","",""
"","78","test__primary_filter_dimensions__returns_200","tests.unit.backend.wmg.api","Thu Apr 10 14:35:36 GMT 2025","passed","Thu Apr 10 14:35:36 GMT 2025","WmgApiV2Tests","test_v2","",""
"","1","test_type_inference[parameters77]","tests.unit.processing","Thu Apr 10 14:36:35 GMT 2025","passed","Thu Apr 10 14:36:35 GMT 2025","","test_type_conversion_utils","",""
"","560","test__query_no_genes__returns_200_and_correct_response","tests.unit.backend.wmg.api","Thu Apr 10 14:35:37 GMT 2025","passed","Thu Apr 10 14:35:37 GMT 2025","WmgApiV2Tests","test_v2","",""
"","9","test__convert_matrices_to_cxg_arrays__sparse_array_only_store_nonzeros_empty_array","tests.unit.processing","Thu Apr 10 14:36:25 GMT 2025","passed","Thu Apr 10 14:36:25 GMT 2025","TestCxgGenerationUtils","test_cxg_generation_utils","",""
"","0","test_type_inference[parameters1]","tests.unit.processing","Thu Apr 10 14:36:35 GMT 2025","passed","Thu Apr 10 14:36:35 GMT 2025","","test_type_conversion_utils","",""
"
        Publishing a version with a dataset replaced should succeed
        ","24","test_publish_version_with_replaced_dataset_ok","tests.unit.backend.layers.business","Thu Apr 10 14:35:48 GMT 2025","passed","Thu Apr 10 14:35:48 GMT 2025","TestCollectionOperations","test_business","",""
"","4","test__validate_with_invalid_s3_url__returns_none","tests.unit.backend.layers.utils","Thu Apr 10 14:35:56 GMT 2025","passed","Thu Apr 10 14:35:56 GMT 2025","TestS3URL","test_uri","",""
"
        Given a canonical collection with a published version and no unpublished versions,
        creating an unpublished collection version where is_auto_verison is True will succeed.
        ","14","test_create_collection_version_is_auto_version_succeeds","tests.unit.backend.layers.business","Thu Apr 10 14:35:47 GMT 2025","passed","Thu Apr 10 14:35:48 GMT 2025","TestCollectionOperations","test_business","",""
"
        `get_collection_version_from_canonical` retrieves the active published version connected
        to the canonical collection, when available
        ","13","test_get_collection_version_from_canonical_published_ok","tests.unit.backend.layers.business","Thu Apr 10 14:35:48 GMT 2025","passed","Thu Apr 10 14:35:48 GMT 2025","TestCollectionOperations","test_business","",""
"","1","test__link__INVALID[lab_website-google]","tests.unit.backend.layers.common","Thu Apr 10 14:35:48 GMT 2025","passed","Thu Apr 10 14:35:48 GMT 2025","","test_validation","",""
"","33","test_value_of_unknown_secret_raises_exception","tests.unit.backend.layers.utils","Thu Apr 10 14:35:55 GMT 2025","passed","Thu Apr 10 14:35:55 GMT 2025","TestAwsSecret","test_aws_secret","",""
"","3","test_get_private_datasets_400","tests.unit.backend.layers.api","Thu Apr 10 14:35:42 GMT 2025","passed","Thu Apr 10 14:35:42 GMT 2025","TestGetDatasets","test_curation_api","",""
"","1","test_type_inference[parameters27]","tests.unit.processing","Thu Apr 10 14:36:35 GMT 2025","passed","Thu Apr 10 14:36:35 GMT 2025","","test_type_conversion_utils","",""
"","1","test__validate_with_invalid_url__returns_none","tests.unit.backend.layers.utils","Thu Apr 10 14:35:57 GMT 2025","passed","Thu Apr 10 14:35:57 GMT 2025","TestCXGPubURL","test_uri","",""
"","1","test_type_inference[parameters63]","tests.unit.processing","Thu Apr 10 14:36:35 GMT 2025","passed","Thu Apr 10 14:36:35 GMT 2025","","test_type_conversion_utils","",""
"","3","test__get_all_user_datasets_for_index_requires_auth","tests.unit.backend.layers.api","Thu Apr 10 14:35:45 GMT 2025","passed","Thu Apr 10 14:35:45 GMT 2025","TestDataset","test_portal_api","",""
"","0","test__link__INVALID[other-google]","tests.unit.backend.layers.common","Thu Apr 10 14:35:48 GMT 2025","passed","Thu Apr 10 14:35:48 GMT 2025","","test_validation","",""
"","7","test__update_public_collection_verify_fix_consortia_sort_order_OK","tests.unit.backend.layers.api","Thu Apr 10 14:35:42 GMT 2025","passed","Thu Apr 10 14:35:42 GMT 2025","TestPatchCollectionID","test_curation_api","",""
"","2","test_report","tests.unit.processing.schema_migration","Thu Apr 10 14:36:25 GMT 2025","passed","Thu Apr 10 14:36:25 GMT 2025","","test_report","",""
"
        Asserts a CrossrefFetchException if the GET request return a 500 error (any non 2xx will work)
        ","1","test__provider_throws_exception_if_request_fails_with_non_2xx_code","tests.unit.backend.common","Thu Apr 10 14:35:57 GMT 2025","passed","Thu Apr 10 14:35:57 GMT 2025","TestCrossrefProvider","test_crossref_provider","",""
"","7","test__curation_api_swagger_ui__returns_200","tests.unit.backend.layers.api","Thu Apr 10 14:35:40 GMT 2025","passed","Thu Apr 10 14:35:40 GMT 2025","TestAPI","test_app","",""
"","1","test_type_inference[parameters95]","tests.unit.processing","Thu Apr 10 14:36:35 GMT 2025","passed","Thu Apr 10 14:36:35 GMT 2025","","test_type_conversion_utils","",""
"","0","test_anndata_validation_failure[{""atac_fragments"": ""https://example.com/fragments.tsv.gz""}]","tests.unit.backend.common","Thu Apr 10 14:35:57 GMT 2025","passed","Thu Apr 10 14:35:57 GMT 2025","","test_manifest","",""
"
    Test that _fetch_image returns the hires image when fullres is not present.
    ","1","test__fetch_image_hires","tests.unit.processing","Thu Apr 10 14:36:35 GMT 2025","passed","Thu Apr 10 14:36:35 GMT 2025","","test_spatial_assets_utils","",""
"A cellxgene public dataset url used for reingesting an h5ad must be an h5ad","10","test_reingest_published_atac_dataset__not_atac","tests.unit.backend.layers.business","Thu Apr 10 14:35:47 GMT 2025","passed","Thu Apr 10 14:35:47 GMT 2025","TestUpdateCollectionDatasets","test_business","",""
"
    Test upload assets to S3 when the upload fails
    ","2","test__upload_assets_failure","tests.unit.processing","Thu Apr 10 14:36:35 GMT 2025","passed","Thu Apr 10 14:36:35 GMT 2025","","test_spatial_assets_utils","",""
"","3","test_get_private_datasets_403","tests.unit.backend.layers.api","Thu Apr 10 14:35:42 GMT 2025","passed","Thu Apr 10 14:35:42 GMT 2025","TestGetDatasets","test_curation_api","",""
"
        Publishing a collection version with no datasets should fail
        ","1","test_publish_collection_with_no_datasets_fail","tests.unit.backend.layers.business","Thu Apr 10 14:35:48 GMT 2025","passed","Thu Apr 10 14:35:48 GMT 2025","TestCollectionOperations","test_business","",""
"
        GET collection should work when the collection has datasets with no metadata.
        This happens when the dataset did not complete ingestion yet.
        ","7","test_get_collection_with_dataset_no_metadata","tests.unit.backend.layers.api","Thu Apr 10 14:35:41 GMT 2025","passed","Thu Apr 10 14:35:41 GMT 2025","TestGetCollectionID","test_curation_api","",""
"","9","test__generate_s3_credentials__Not_Private","tests.unit.backend.layers.api","Thu Apr 10 14:35:41 GMT 2025","passed","Thu Apr 10 14:35:41 GMT 2025","TestS3Credentials","test_curation_api","",""
"","5","test__update_private_collection_dataset_no_authentication__401","tests.unit.backend.layers.api","Thu Apr 10 14:35:46 GMT 2025","passed","Thu Apr 10 14:35:46 GMT 2025","TestDataset","test_portal_api","",""
"
        When publishing a revision - and there is a change in DOI - collection and artifacts should be updated.
        ","19","test_publish_revision_changed_doi_collection_updated_ok","tests.unit.backend.layers.business","Thu Apr 10 14:35:48 GMT 2025","passed","Thu Apr 10 14:35:48 GMT 2025","TestCollectionOperations","test_business","",""
"
        Starting a revision on a revision.
        ","28","test__revision__403","tests.unit.backend.layers.api","Thu Apr 10 14:35:46 GMT 2025","passed","Thu Apr 10 14:35:46 GMT 2025","TestRevision","test_portal_api","",""
"
        ProcessDownloadValidate should:
        1. Download the h5ad artifact
        2. Add labels to h5ad
        2. Set upload status to UPLOADED
        3. set h5ad status to UPLOADED
        4. upload the labeled file to S3
        ","6","test_process_add_labels","tests.unit.processing","Thu Apr 10 14:36:29 GMT 2025","passed","Thu Apr 10 14:36:29 GMT 2025","ProcessingTest","test_process_add_labels","",""
"","1","test__link__INVALID[raw_data-google]","tests.unit.backend.layers.common","Thu Apr 10 14:35:48 GMT 2025","passed","Thu Apr 10 14:35:48 GMT 2025","","test_validation","",""
"
        Calling PUT /datasets/:dataset_id  should fail if version IDs are used for unpublished collections or
        for referencing datasets
        ","11","test_from_link__403","tests.unit.backend.layers.api","Thu Apr 10 14:35:44 GMT 2025","passed","Thu Apr 10 14:35:44 GMT 2025","TestPutManifestATAC","test_curation_api","",""
"
        Individually-tombstoned Datasets should remain tombstoned after resurrection of their parent Collection.
        ","21","test_resurrect_collection_with_tombstoned_dataset_ok","tests.unit.backend.layers.business","Thu Apr 10 14:35:48 GMT 2025","passed","Thu Apr 10 14:35:48 GMT 2025","TestCollectionOperations","test_business","",""
"","4","test__post_collection_rejects_two_dois","tests.unit.backend.layers.api","Thu Apr 10 14:35:45 GMT 2025","passed","Thu Apr 10 14:35:45 GMT 2025","TestCollection","test_portal_api","",""
"","0","test_register_neg","tests.unit.backend.layers.utils","Thu Apr 10 14:35:56 GMT 2025","passed","Thu Apr 10 14:35:56 GMT 2025","TestRegisteredSources","test_uri","",""
"","0","test_parse_event_without_error_cause","tests.unit.processing","Thu Apr 10 14:36:29 GMT 2025","passed","Thu Apr 10 14:36:29 GMT 2025","","test_handle_error","",""
"The 'revising_in' attribute is equal to the id of the revision Collection","14","test__get_collections_with_auth__OK_3","tests.unit.backend.layers.api","Thu Apr 10 14:35:41 GMT 2025","passed","Thu Apr 10 14:35:41 GMT 2025","TestGetCollections","test_curation_api","",""
"","14","test_when_item_is_not_in_config_not_in_env_we_raise","tests.unit.backend.layers.utils","Thu Apr 10 14:35:56 GMT 2025","passed","Thu Apr 10 14:35:56 GMT 2025","TestSecretConfig","test_secret_config","",""
"","3","test_has_valid_artifact_statuses_1","tests.unit.processing","Thu Apr 10 14:36:26 GMT 2025","passed","Thu Apr 10 14:36:26 GMT 2025","TestValidArtifactStatuses","test_dataset_metadata_update","",""
"cannot reupload a dataset that is pending","6","test__reupload_while_processing_dataset__405","tests.unit.backend.layers.api","Thu Apr 10 14:35:46 GMT 2025","passed","Thu Apr 10 14:35:46 GMT 2025","TestCollectionPutUploadLink","test_portal_api","",""
"","0","test_type_inference[parameters48]","tests.unit.processing","Thu Apr 10 14:36:35 GMT 2025","passed","Thu Apr 10 14:36:35 GMT 2025","","test_type_conversion_utils","",""
"","7","test_concurrency","tests.unit.backend.layers.business","Thu Apr 10 14:35:48 GMT 2025","passed","Thu Apr 10 14:35:48 GMT 2025","TestConcurrentUpdates","test_business","",""
"","0","test__prerelease_release_version__returns_true","tests.unit.backend.layers.utils","Thu Apr 10 14:35:56 GMT 2025","passed","Thu Apr 10 14:35:56 GMT 2025","TestSemvarUtils","test_semvar_utils","",""
"
        Calling Put /datasets/:dataset_id with a bad published anndata link should fail with 400
        ","6","test_with_bad_already_ingested_anndata__400","tests.unit.backend.layers.api","Thu Apr 10 14:35:44 GMT 2025","passed","Thu Apr 10 14:35:44 GMT 2025","TestPutLink","test_curation_api","",""
"","5","test__update_collection_consortia","tests.unit.backend.layers.api","Thu Apr 10 14:35:45 GMT 2025","passed","Thu Apr 10 14:35:45 GMT 2025","TestUpdateCollection","test_portal_api","",""
"","1","test_error_wrapper","tests.unit.processing.schema_migration","Thu Apr 10 14:36:24 GMT 2025","passed","Thu Apr 10 14:36:24 GMT 2025","","test_error_wrapper","",""
"","2","test__get_public_collection_verify_consortia_sorted__OK_1","tests.unit.backend.layers.api","Thu Apr 10 14:35:41 GMT 2025","passed","Thu Apr 10 14:35:41 GMT 2025","TestGetCollectionID","test_curation_api","",""
"","3","test_get","tests.unit.backend.layers.api","Thu Apr 10 14:35:46 GMT 2025","passed","Thu Apr 10 14:35:46 GMT 2025","TestVersion","test_version","",""
"","26","test_delete_new_dataset_in_revision__ok","tests.unit.backend.layers.business","Thu Apr 10 14:35:47 GMT 2025","passed","Thu Apr 10 14:35:47 GMT 2025","TestDeleteDataset","test_business","",""
"","0","test_unsupported_type","tests.unit.backend.layers.utils","Thu Apr 10 14:35:55 GMT 2025","passed","Thu Apr 10 14:35:55 GMT 2025","TestCustomJSONEncoder","test_json","",""
"","5","test__create_key__201","tests.unit.backend.layers.auth","Thu Apr 10 14:35:46 GMT 2025","passed","Thu Apr 10 14:35:46 GMT 2025","TestKeys","test_auth_keys","",""
"
        Crossref should not be called to check for updates to the publisher metadata when publishing
        a revision that has no DOI.
        ","19","test_publish_revision_no_doi_crossref_not_checked_ok","tests.unit.backend.layers.business","Thu Apr 10 14:35:48 GMT 2025","passed","Thu Apr 10 14:35:48 GMT 2025","TestCollectionOperations","test_business","",""
"
        The dataset validation message can be updated using `update_dataset_status`
        ","4","test_update_dataset_status_validation_message_ok","tests.unit.backend.layers.business","Thu Apr 10 14:35:47 GMT 2025","passed","Thu Apr 10 14:35:47 GMT 2025","TestUpdateDataset","test_business","",""
"
        The dataset metadata can be set using `set_dataset_metadata`
        ","3","test_set_dataset_metadata_ok","tests.unit.backend.layers.business","Thu Apr 10 14:35:47 GMT 2025","passed","Thu Apr 10 14:35:47 GMT 2025","TestUpdateDataset","test_business","",""
"","8","test__publish_collection_triggers_cloudfront_invalidation","tests.unit.backend.layers.api","Thu Apr 10 14:35:46 GMT 2025","passed","Thu Apr 10 14:35:46 GMT 2025","TestPublishRevision","test_portal_api","",""
"
        All dataset that belong to a published collection can be retrieved with `get_all_mapped_datasets`
        ","11","test_get_all_datasets_ok","tests.unit.backend.layers.business","Thu Apr 10 14:35:47 GMT 2025","passed","Thu Apr 10 14:35:47 GMT 2025","TestGetDataset","test_business","",""
"","4","test__link_not_owner__403","tests.unit.backend.layers.api","Thu Apr 10 14:35:46 GMT 2025","passed","Thu Apr 10 14:35:46 GMT 2025","TestCollectionPostUploadLink","test_portal_api","",""
"","3","test_has_valid_artifact_statuses__invalid_cxg_status_0","tests.unit.processing","Thu Apr 10 14:36:26 GMT 2025","passed","Thu Apr 10 14:36:26 GMT 2025","TestValidArtifactStatuses","test_dataset_metadata_update","",""
"","0","test_rollback[rollback_args0]","tests.unit.processing","Thu Apr 10 14:36:34 GMT 2025","passed","Thu Apr 10 14:36:34 GMT 2025","","test_rollback","",""
"","11856","test__cube_query_params_for_expression_summary_cube","tests.unit.backend.wmg","Thu Apr 10 14:35:40 GMT 2025","passed","Thu Apr 10 14:35:52 GMT 2025","CensusCubeQueryParamsTest","test_query","",""
"
        If a collection is unpublished, GET /collections/:collection_id retrieves the unpublished version
        when passed the canonical collection_id
        ","4","test__get_collection_id_retrieves_unpublished_version","tests.unit.backend.layers.api","Thu Apr 10 14:35:45 GMT 2025","passed","Thu Apr 10 14:35:45 GMT 2025","TestCollection","test_portal_api","",""
"","0","test__link__OK[doi-http://somewhere.org/path/?abcd=123]","tests.unit.backend.layers.common","Thu Apr 10 14:35:48 GMT 2025","passed","Thu Apr 10 14:35:48 GMT 2025","","test_validation","",""
"","9","test__set_collection_version_datasets_order_published_collection__403","tests.unit.backend.layers.api","Thu Apr 10 14:35:45 GMT 2025","passed","Thu Apr 10 14:35:45 GMT 2025","TestUpdateCollection","test_portal_api","",""
"","50","test__create_h5ad_data_file__reads_anndata_successfully","tests.unit.processing","Thu Apr 10 14:36:27 GMT 2025","passed","Thu Apr 10 14:36:27 GMT 2025","TestH5ADDataFile","test_h5ad_data_file","",""
"","83","test_get_datasets_by_schema_200","tests.unit.backend.layers.api","Thu Apr 10 14:35:42 GMT 2025","passed","Thu Apr 10 14:35:42 GMT 2025","TestGetDatasets","test_curation_api","",""
"","9","test__get_collections_no_auth__OK","tests.unit.backend.layers.api","Thu Apr 10 14:35:41 GMT 2025","passed","Thu Apr 10 14:35:41 GMT 2025","TestGetCollections","test_curation_api","",""
"","3","test__delete_key__404","tests.unit.backend.layers.auth","Thu Apr 10 14:35:46 GMT 2025","passed","Thu Apr 10 14:35:46 GMT 2025","TestKeys","test_auth_keys","",""
"","0","test_type_inference[parameters2]","tests.unit.processing","Thu Apr 10 14:36:35 GMT 2025","passed","Thu Apr 10 14:36:35 GMT 2025","","test_type_conversion_utils","",""
"
        GeneChecker successfully creates a dictionary of gene names to gene IDs,
        checks validity of gene names, and returns ensembl ID for a gene name.
        ","0","test_gene_checker","tests.unit.backend.layers.api","Thu Apr 10 14:35:44 GMT 2025","passed","Thu Apr 10 14:35:44 GMT 2025","GeneInfoAPIv1Tests","test_gene_info","",""
"
    Test case to verify that a KeyError is raised when passing invalid input metadata
    ","0","test__invalid_input_metadata_copy","tests.unit.processing","Thu Apr 10 14:36:34 GMT 2025","passed","Thu Apr 10 14:36:34 GMT 2025","","test_spatial_assets_utils","",""
"","0","test_filter_issues_with_openprs","tests.unit.scripts","Thu Apr 10 14:35:43 GMT 2025","passed","Thu Apr 10 14:35:43 GMT 2025","TestFilterIssues","test_zenhub_close","",""
"","76305","test__gpt_description_generator","tests.unit.backend.cellguide.pipeline","Thu Apr 10 14:35:26 GMT 2025","passed","Thu Apr 10 14:36:42 GMT 2025","TestGptDescriptionGenerator","test_gpt_descriptions","",""
"","6","test_update_metadata__new_dataset_version_bad_processing_status","tests.unit.processing","Thu Apr 10 14:36:26 GMT 2025","passed","Thu Apr 10 14:36:26 GMT 2025","TestUpdateMetadataHandler","test_dataset_metadata_update","",""
"","2","test__provider_unescapes_journal_correctly","tests.unit.backend.common","Thu Apr 10 14:35:57 GMT 2025","passed","Thu Apr 10 14:35:57 GMT 2025","TestCrossrefProvider","test_crossref_provider","",""
"","1","test_type_inference[parameters74]","tests.unit.processing","Thu Apr 10 14:36:35 GMT 2025","passed","Thu Apr 10 14:36:35 GMT 2025","","test_type_conversion_utils","",""
"","1","test_delete_artifacts_artifact_type_doesnt_match_regex","tests.unit.backend.layers.business","Thu Apr 10 14:35:47 GMT 2025","passed","Thu Apr 10 14:35:47 GMT 2025","TestDeleteDataset","test_business","",""
"","0","test_type_inference[parameters7]","tests.unit.processing","Thu Apr 10 14:36:35 GMT 2025","passed","Thu Apr 10 14:36:35 GMT 2025","","test_type_conversion_utils","",""
"
        The order of the datasets in a collection version is the default cell count, descending.
        ","9","test_set_collection_version_datasets_order_no_custom_order_ok","tests.unit.backend.layers.business","Thu Apr 10 14:35:47 GMT 2025","passed","Thu Apr 10 14:35:47 GMT 2025","TestSetCollectionVersionDatasetsOrder","test_business","",""
"
        Test Dataset deletes when tombstoning a public Collection with published and updated Datasets in an outstanding
        Revision
        ","17","test__delete_datasets_from_public_access_bucket","tests.unit.backend.layers.business","Thu Apr 10 14:35:48 GMT 2025","passed","Thu Apr 10 14:35:48 GMT 2025","TestCollectionUtilities","test_business","",""
"","1","test_rollback[rollback_args1]","tests.unit.processing","Thu Apr 10 14:36:34 GMT 2025","passed","Thu Apr 10 14:36:34 GMT 2025","","test_rollback","",""
"Check datasets when one of the dataset has failed during the ingestion process.","0","test_check_datasets_fail_status","tests.unit.processing.schema_migration","Thu Apr 10 14:36:25 GMT 2025","passed","Thu Apr 10 14:36:25 GMT 2025","TestPublishRevisions","test_publish_revisions","",""
